"","Min.PriceOnion","Max.PriceOnion.","Modal.PriceOnion","Min.PriceBrinjal","Max.PriceBrinjal","Modal.PriceBrinjal","Min.PricePotato","Max.PricePotato","Modal.PricePotato","Min.PriceCucumber","Max.PriceCucumber","Modal.PriceCucumber","Min.PriceLadiesfing","Max.PriceLadiesfing","Modal.PriceLadiesfing","Min.PriceCarrot","Max.PriceCarrot","Modal.PriceCarrot","Min.PriceTomato","Max.PriceTomato","Modal.PriceTomato"
"2012-01-08",400,2750,750,525,1275,900,325,650,487.5,800,1300,1050,1875,2175,2025,850,1150,1000,250,625,437.5
"2012-01-15",444.047619047619,904.761904761905,779.761904761905,1101.19047619048,2147.61904761905,1626.19047619048,419.047619047619,696.428571428571,557.738095238095,1079.04761904762,1491.19047619048,1285.11904761905,2276.19047619048,3354.7619047619,2815.47619047619,1026.19047619048,1355.95238095238,1191.07142857143,323.809523809524,741.666666666667,532.738095238095
"2012-01-22",500,1101.19047619048,911.904761904762,1545.2380952381,2535.71428571429,2040.47619047619,417.857142857143,700,558.571428571429,1127.38095238095,1626.19047619048,1367.85714285714,2496.68367346939,4007.31292517007,3203.65646258503,939.285714285714,1314.28571428571,1126.78571428571,434.52380952381,950,692.261904761905
"2012-01-29",534.69387755102,1120.91836734694,953.571428571429,1287.75510204082,2552.72108843537,1920.2380952381,417.857142857143,710.714285714286,563.571428571429,1183.16326530612,1725.51020408163,1454.33673469388,2236.30952380952,3637.69841269841,2937.00396825397,896.428571428571,1314.28571428571,1105.35714285714,300.340136054422,797.959183673469,549.149659863946
"2012-02-05",554.761904761905,1132.14285714286,990.47619047619,1126.19047619048,2023.80952380952,1575,380.952380952381,695.238095238095,538.095238095238,1416.66666666667,1969.04761904762,1692.85714285714,2604.08163265306,4228.0612244898,3413.01020408163,1069.04761904762,1359.52380952381,1216.07142857143,330.357142857143,797.619047619048,567.559523809524
"2012-02-12",471.428571428571,942.857142857143,810.714285714286,897.619047619048,1778.57142857143,1345.2380952381,450,710.714285714286,580.357142857143,1817.34693877551,2732.65306122449,2275,2560.37414965986,4342.00680272109,3448.4693877551,971.428571428571,1335.71428571429,1153.57142857143,409.52380952381,847.619047619048,628.571428571429
"2012-02-19",477.040816326531,920.663265306122,808.163265306122,1001.36054421769,1997.95918367347,1502.38095238095,378.571428571429,716.071428571429,547.321428571429,1885.71428571429,3125.51020408163,2505.61224489796,2362.30158730159,4144.44444444444,3232.73809523809,945.238095238095,1285.71428571429,1115.47619047619,386.734693877551,1129.25170068027,757.993197278912
"2012-02-26",421.428571428571,882.142857142857,783.333333333333,702.380952380952,1750,1226.19047619048,450,800,625,2192.85714285714,3892.85714285714,3042.85714285714,2746.59863945578,4211.05442176871,3478.82653061224,921.428571428571,1250,1085.71428571429,388.095238095238,1073.80952380952,730.952380952381
"2012-03-04",342.857142857143,778.571428571429,682.142857142857,680.952380952381,1554.7619047619,1121.42857142857,364.285714285714,757.142857142857,560.714285714286,1910.71428571429,3413.26530612245,2661.98979591837,2678.57142857143,3714.28571428571,3207.14285714286,930.952380952381,1264.28571428571,1097.61904761905,383.333333333333,1147.61904761905,744.047619047619
"2012-03-11",304.06746031746,704.06746031746,602.480158730159,858.333333333333,1683.33333333333,1266.66666666667,607.142857142857,872.142857142857,739.642857142857,2339.28571428571,3663.69047619048,3001.4880952381,2357.14285714286,4095.23809523809,3226.19047619048,857.142857142857,1321.42857142857,1089.28571428571,486.309523809524,1216.66666666667,851.488095238095
"2012-03-18",324.489795918367,770.918367346939,609.69387755102,916.326530612245,1844.89795918367,1380.61224489796,721.428571428571,967.857142857143,845.714285714286,2260.20408163265,3947.95918367347,3104.08163265306,2281.63265306122,4498.97959183673,3390.30612244898,735.714285714286,1307.14285714286,1021.42857142857,504.081632653061,1262.24489795918,883.163265306122
"2012-03-25",371.428571428571,821.428571428571,707.142857142857,1042.85714285714,1852.04081632653,1447.44897959184,728.571428571429,1071.42857142857,900,2197.61904761905,3500,2884.52380952381,2019.04761904762,3897.61904761905,2958.33333333333,685.714285714286,1542.85714285714,1114.28571428571,783.333333333333,1719.04761904762,1248.80952380952
"2012-04-01",375.170068027211,1007.48299319728,830.442176870748,804.421768707483,1768.02721088435,1269.89795918367,821.428571428571,1138.09523809524,979.761904761905,1734.3537414966,2879.08163265306,2337.32993197279,2368.36734693878,4774.23469387755,3558.03571428571,1053.57142857143,1614.28571428571,1333.92857142857,699.829931972789,1682.8231292517,1191.32653061224
"2012-04-08",437.414965986395,1165.6462585034,988.43537414966,799.659863945578,1807.8231292517,1304.08163265306,880.952380952381,1160.71428571429,1015,1697.61904761905,2758.33333333333,2227.97619047619,2225.85034013605,4065.22108843537,3152.67857142857,1021.42857142857,1921.42857142857,1471.42857142857,894.047619047619,1826.02040816327,1360.03401360544
"2012-04-15",323.809523809524,1147.61904761905,952.380952380952,657.142857142857,1704.7619047619,1185.71428571429,921.428571428571,1360.71428571429,1137.85714285714,800,2100,1450,1859.52380952381,4009.52380952381,2925,1150,1695.2380952381,1422.61904761905,861.904761904762,1876.19047619048,1369.04761904762
"2012-04-22",400,1135.71428571429,964.285714285714,604.761904761905,1626.19047619048,1122.61904761905,950,1412.5,1162.14285714286,569.047619047619,1421.42857142857,995.238095238095,1435.71428571429,3614.28571428571,2525,882.142857142857,1903.57142857143,1392.85714285714,871.428571428571,1814.28571428571,1325
"2012-04-29",364.285714285714,920.238095238095,723.809523809524,742.857142857143,1619.04761904762,1172.61904761905,1163.57142857143,1439.28571428571,1296.78571428571,433.333333333333,1292.85714285714,863.095238095238,1252.38095238095,3345.2380952381,2303.57142857143,1114.28571428571,2035.71428571429,1575,1078.57142857143,1916.66666666667,1465.47619047619
"2012-05-06",300,776.428571428571,609.897959183673,547.142857142857,1490.81632653061,1018.97959183673,1201.78571428571,1475,1336.42857142857,419.795918367347,1112.65306122449,766.224489795918,1153.16326530612,2977.85714285714,2065.51020408163,1367.85714285714,2053.57142857143,1710.71428571429,929.591836734694,2042.75510204082,1486.17346938776
"2012-05-13",300.510204081633,786.224489795918,637.755102040816,495.918367346939,1480.61224489796,988.265306122449,992.857142857143,1546.42857142857,1268.57142857143,363.775510204082,942.857142857143,653.265306122449,1165.30612244898,2280.61224489796,1722.95918367347,1035.71428571429,1771.42857142857,1403.57142857143,743.877551020408,1771.42857142857,1257.65306122449
"2012-05-20",328.571428571429,757.142857142857,592.857142857143,500,1371.42857142857,935.714285714286,1125,1746.42857142857,1433.57142857143,410.714285714286,985.714285714286,697.857142857143,635.714285714286,2167.85714285714,1403.57142857143,1275,1942.85714285714,1619.64285714286,596.428571428571,1650,1122.85714285714
"2012-05-27",322.704081632653,717.091836734694,608.673469387755,447.108843537415,1193.19727891156,829.336734693878,1210.71428571429,1771.42857142857,1490.35714285714,521.25850340136,1164.28571428571,842.772108843537,647.448979591837,1909.7619047619,1278.60544217687,914.285714285714,1810.71428571429,1362.5,741.836734693878,1791.49659863946,1261.90476190476
"2012-06-03",321.428571428571,646.428571428571,557.142857142857,457.142857142857,1321.42857142857,889.285714285714,1060.71428571429,1607.14285714286,1332.85714285714,435.714285714286,1292.85714285714,864.285714285714,750,2042.85714285714,1396.42857142857,828.571428571429,2242.85714285714,1535.71428571429,571.428571428571,1385.71428571429,978.571428571429
"2012-06-10",300,635.714285714286,526.530612244898,700,1645.71428571429,1172.85714285714,1210.71428571429,1471.42857142857,1339.28571428571,644.897959183673,1469.38775510204,1057.14285714286,1036.73469387755,2034.69387755102,1535.71428571429,742.857142857143,2385.71428571429,1564.28571428571,552.040816326531,1306.12244897959,929.081632653061
"2012-06-17",301.530612244898,650.510204081633,565.30612244898,846.938775510204,2085.71428571429,1466.32653061224,1200,1407.14285714286,1302.85714285714,642.857142857143,1492.85714285714,1067.85714285714,1187.75510204082,2341.83673469388,1773.97959183673,807.142857142857,2492.85714285714,1650,535.714285714286,1318.36734693878,927.040816326531
"2012-06-24",316.071428571429,660.119047619048,589.880952380952,833.333333333333,1839.28571428571,1336.30952380952,891.428571428571,1050.71428571429,970,436.904761904762,1180.95238095238,808.928571428571,970.238095238095,2480.95238095238,1725.59523809524,714.285714285714,1772.85714285714,1243.57142857143,573.809523809524,1421.42857142857,997.619047619048
"2012-07-01",428.571428571429,1039.28571428571,803.571428571429,944.897959183673,2126.5306122449,1535.71428571429,1217.85714285714,1439.28571428571,1326.42857142857,464.285714285714,1128.57142857143,796.428571428571,1014.28571428571,2671.42857142857,1842.85714285714,971.428571428571,2521.42857142857,1746.42857142857,571.428571428571,1300,935.714285714286
"2012-07-08",765.30612244898,1739.79591836735,1254.28571428571,691.836734693878,1673.4693877551,1182.65306122449,1332.14285714286,1521.42857142857,1425.71428571429,396.428571428571,1006.12244897959,701.275510204082,838.775510204082,2283.67346938776,1561.22448979592,1142.85714285714,2457.14285714286,1800,711.734693877551,1617.34693877551,1164.54081632653
"2012-07-15",862.244897959184,2083.67346938776,1472.95918367347,616.326530612245,1393.87755102041,1005.10204081633,1335.71428571429,1642.85714285714,1487.85714285714,487.755102040816,1142.85714285714,815.30612244898,898.979591836735,2077.55102040816,1488.26530612245,1000,2500,1750,741.836734693878,1726.5306122449,1234.18367346939
"2012-07-22",952.747252747253,2276.37362637363,1614.56043956044,516.483516483516,1207.14285714286,861.813186813187,1375,1732.14285714286,1551.42857142857,592.307692307692,1120.87912087912,856.593406593407,829.120879120879,2104.94505494505,1467.03296703297,1000,2564.28571428571,1782.14285714286,806.593406593407,1862.08791208791,1334.34065934066
"2012-07-29",835.204081632653,2218.87755102041,1615.30612244898,528.571428571429,1238.57142857143,883.571428571429,1432.14285714286,1703.57142857143,1565,501.530612244898,1078.57142857143,790.051020408163,1039.79591836735,2583.67346938776,1811.73469387755,1107.14285714286,2607.14285714286,1857.14285714286,666.836734693878,1588.26530612245,1127.55102040816
"2012-08-05",764.285714285714,1900,1778.57142857143,657.142857142857,1457.14285714286,1057.14285714286,1514.28571428571,1725,1618.57142857143,485.714285714286,1100,792.857142857143,1192.85714285714,2214.28571428571,1707.14285714286,1042.85714285714,2757.14285714286,1900,571.428571428571,1392.85714285714,982.142857142857
"2012-08-12",850,2139.79591836735,2021.42857142857,664.285714285714,1595.91836734694,1130.10204081633,1382.14285714286,1700,1540,491.836734693878,1108.16326530612,800,987.755102040816,2369.38775510204,1671.42857142857,1071.42857142857,2500,1785.71428571429,558.163265306122,1337.75510204082,882.65306122449
"2012-08-19",867.032967032967,2205.49450549451,2127.47252747253,685.714285714286,1519.78021978022,1102.74725274725,1264.28571428571,1703.57142857143,1482.14285714286,591.208791208791,1160.43956043956,875.824175824176,1164.83516483516,2552.74725274725,1858.79120879121,1171.42857142857,2564.28571428571,1867.85714285714,600,1487.91208791209,1043.95604395604
"2012-08-26",1058.57142857143,2752.85714285714,2628.57142857143,714.285714285714,1542.85714285714,1128.57142857143,1341.07142857143,1678.57142857143,1508.92857142857,488.571428571429,1077.14285714286,782.857142857143,1268.57142857143,2225.71428571429,1747.14285714286,1192.85714285714,2500,1846.42857142857,614.285714285714,1358.57142857143,986.428571428571
"2012-09-02",1550,3692.85714285714,3482.85714285714,641.428571428571,1518.57142857143,1080,1260.71428571429,1601.78571428571,1431.07142857143,400,988.571428571429,694.285714285714,1140,2025.71428571429,1582.85714285714,1225,2500,1862.5,468.571428571429,1054.28571428571,761.428571428571
"2012-09-09",1596.66666666667,3956.74603174603,3707.30158730159,589.722222222222,1381.98412698413,985.853174603175,1252.38095238095,1720.83333333333,1442.85714285714,402.857142857143,869.52380952381,636.190476190476,860.634920634921,2015.15873015873,1513.69047619048,1311.90476190476,2500,1905.95238095238,378.214285714286,1045.2380952381,711.72619047619
"2012-09-16",1788.77551020408,3924.09733124019,3681.16169544741,703.139717425432,1595.68288854003,1149.41130298273,1200,1542.85714285714,1371.42857142857,420.879120879121,995.604395604396,708.241758241758,1045.91836734694,2604.47409733124,1825.19623233909,1271.42857142857,2435.71428571429,1803.57142857143,300.078492935636,844.270015698587,572.174254317111
"2012-09-23",1979.59183673469,4508.16326530612,4276.5306122449,796.938775510204,1748.97959183673,1272.95918367347,1150,1550,1350,435.164835164835,1000,717.582417582418,1312.24489795918,2768.36734693878,2040.30612244898,1342.85714285714,2500,1921.42857142857,347.959183673469,745.918367346939,546.938775510204
"2012-09-30",2086.30952380952,5838.69047619048,5400.59523809524,675,1653.57142857143,1164.28571428571,1069.04761904762,1582.7380952381,1325,383.928571428571,996.428571428571,690.178571428571,1174.00793650794,2548.61111111111,1861.30952380952,1200,2407.14285714286,1803.57142857143,347.619047619048,755.952380952381,551.785714285714
"2012-10-07",1609.92578849722,5649.16512059369,5233.20964749536,518.923933209648,1362.89424860853,940.909090909091,978.571428571429,1485.71428571429,1232.14285714286,319.480519480519,834.879406307978,577.179962894249,712.801484230056,2299.62894248609,1506.21521335807,1128.57142857143,2564.28571428571,1846.42857142857,240.808080808081,640.808080808081,440.808080808081
"2012-10-14",1692.30769230769,5175.82417582418,4894.50549450549,709.89010989011,1536.26373626374,1123.07692307692,992.857142857143,1435.71428571429,1214.28571428571,364.835164835165,896.703296703297,630.769230769231,956.043956043956,2412.08791208791,1684.06593406593,1242.85714285714,2328.57142857143,1807.14285714286,259.340659340659,653.846153846154,457.142857142857
"2012-10-21",1742.85714285714,5398.57142857143,5102.85714285714,781.428571428571,1688.57142857143,1235,850,1332.14285714286,1091.07142857143,525.714285714286,1114.28571428571,820,1148.57142857143,2821.42857142857,1985,1350,2607.14285714286,1978.57142857143,520,977.142857142857,756.428571428571
"2012-10-28",1277.95815295815,4916.63059163059,4592.02741702742,850.324675324675,1598.7012987013,1224.51298701299,1047.61904761905,1417.2619047619,1234.16666666667,425.018037518038,1000,712.509018759019,1032.05266955267,2233.13492063492,1632.5937950938,1339.28571428571,2500,1919.64285714286,225.793650793651,574.837662337662,400.315656565657
"2012-11-04",1000,4409.52380952381,4185.71428571429,857.142857142857,1651.19047619048,1254.16666666667,1042.85714285714,1414.28571428571,1228.57142857143,530.714285714286,1119.52380952381,825.119047619048,1339.28571428571,2591.66666666667,1965.47619047619,1157.14285714286,2328.57142857143,1742.85714285714,160.714285714286,500,330.357142857143
"2012-11-11",1278.0612244898,4409.52380952381,4199.48979591837,730.612244897959,1985.03401360544,1357.8231292517,978.571428571429,1425,1202.85714285714,486.054421768707,1010.03401360544,748.044217687075,1485.8843537415,2994.21768707483,2240.05102040816,1000,1800,1400,156.292517006803,535.204081632653,345.748299319728
"2012-11-18",1093.77705627706,4146.98773448773,3889.44805194805,437.9329004329,1365.11544011544,901.52417027417,940.47619047619,1400,1170.2380952381,381.331168831169,833.225108225108,607.278138528139,1187.31962481962,2682.90043290043,1828.77886002886,904.761904761905,2120.2380952381,1512.5,143.398268398268,493.759018759019,318.578643578644
"2012-11-25",758.163265306122,3725.51020408163,3507.14285714286,708.163265306122,1487.75510204082,1097.95918367347,1057.14285714286,1478.57142857143,1267.85714285714,762.244897959184,1467.34693877551,1114.79591836735,1334.69387755102,3321.42857142857,2328.0612244898,1000,1942.85714285714,1471.42857142857,257.142857142857,824.489795918367,540.816326530612
"2012-12-02",867.34693877551,3871.42857142857,3655.10204081633,573.469387755102,1342.85714285714,958.163265306122,1080.95238095238,1576.19047619048,1328.57142857143,662.585034013605,1429.93197278912,1046.25850340136,1457.14285714286,3275.51020408163,2366.32653061224,814.285714285714,1861.90476190476,1338.09523809524,300,828.571428571429,564.285714285714
"2012-12-09",1000,4253.57142857143,4103.74149659864,432.65306122449,1200,816.326530612245,1183.33333333333,1591.66666666667,1387.5,907.65306122449,1809.86394557823,1358.75850340136,1500,3232.8231292517,2366.41156462585,1021.42857142857,1952.38095238095,1486.90476190476,228.571428571429,637.925170068027,433.248299319728
"2012-12-16",959.52380952381,4321.42857142857,4129.7619047619,671.861471861472,1342.53246753247,1007.19696969697,888.095238095238,1630.95238095238,1259.7619047619,1055.95238095238,1508.33333333333,1282.14285714286,2072.61904761905,3557.14285714286,2814.88095238095,888.095238095238,1842.85714285714,1365.47619047619,253.571428571429,670.238095238095,461.904761904762
"2012-12-23",1115.6462585034,4757.14285714286,4075.85034013605,758.555729984301,1844.95028780743,1301.75300889587,685.714285714286,1414.28571428571,1051.42857142857,832.993197278912,1775.85034013605,1304.42176870748,1991.49659863946,3928.57142857143,2960.03401360544,914.285714285714,1500,1207.14285714286,242.857142857143,618.027210884354,430.442176870748
"2012-12-30",872.527472527473,3750.3663003663,3191.75824175824,742.490842490843,1583.15018315018,1162.27106227106,1164.28571428571,1585.71428571429,1375,606.593406593407,1495.6043956044,1051.0989010989,2227.10622710623,3989.01098901099,3108.05860805861,814.285714285714,1221.42857142857,1017.85714285714,221.978021978022,644.688644688645,433.333333333333
"2013-01-06",742.857142857143,2400,2057.14285714286,553.571428571429,1417.85714285714,975,1057.14285714286,1442.85714285714,1250,792.857142857143,1221.42857142857,1007.14285714286,2228.57142857143,3392.85714285714,2810.71428571429,1100,1532.14285714286,1316.07142857143,278.571428571429,789.285714285714,534.285714285714
"2013-01-13",537.755102040816,1785.71428571429,1498.97959183673,701.020408163265,1537.75510204082,1106.12244897959,892.857142857143,1410.71428571429,1151.42857142857,914.285714285714,1247.95918367347,1083.57142857143,2258.24175824176,3718.13186813187,2988.18681318681,1017.85714285714,1321.42857142857,1169.64285714286,306.122448979592,776.530612244898,541.326530612245
"2013-01-20",628.571428571429,1928.57142857143,1678.57142857143,800,1735.71428571429,1257.14285714286,750,1321.42857142857,1000,957.142857142857,1235.71428571429,1096.42857142857,2100,3501.02040816327,2662.75510204082,875,1157.14285714286,1016.07142857143,300,850,575
"2013-01-27",603.061224489796,1705.10204081633,1488.26530612245,663.775510204082,1604.08163265306,1133.92857142857,732.142857142857,1407.14285714286,1069.64285714286,932.65306122449,1532.65306122449,1232.65306122449,2184.06593406593,3843.40659340659,3005.49450549451,885.714285714286,1307.14285714286,1096.42857142857,303.061224489796,776.530612244898,539.795918367347
"2013-02-03",618.367346938776,1637.75510204082,1435.71428571429,487.244897959184,1330.61224489796,908.928571428571,532.142857142857,1303.57142857143,918.214285714286,1068.36734693878,1331.63265306122,1200,2454.08163265306,3227.04081632653,2840.5612244898,1185.71428571429,1364.28571428571,1275,356.122448979592,837.244897959184,596.683673469388
"2013-02-10",477.142857142857,1225,1033.57142857143,357.142857142857,1212.20238095238,784.672619047619,650,1282.14285714286,966.071428571429,1041.07142857143,1455.35714285714,1248.21428571429,1830.35714285714,3136.0119047619,2483.18452380952,1270.2380952381,1471.42857142857,1370.83333333333,320.238095238095,898.214285714286,609.22619047619
"2013-02-17",442.857142857143,1000,796.428571428571,400,1114.28571428571,757.142857142857,607.142857142857,1221.42857142857,907.142857142857,778.571428571429,1421.42857142857,1100,2107.14285714286,3271.42857142857,2689.28571428571,850,1157.14285714286,1003.57142857143,342.857142857143,957.142857142857,653.571428571429
"2013-02-24",453.571428571429,898.928571428571,726.785714285714,640.714285714286,1310,975.357142857143,585.714285714286,1235.71428571429,915.357142857143,1011.42857142857,1481.42857142857,1246.42857142857,2256.42857142857,2960,2610,946.428571428571,1116.07142857143,1031.25,444.285714285714,1162.14285714286,791.785714285714
"2013-03-03",407.65306122449,828.571428571429,695.408163265306,548.979591836735,1315.30612244898,932.142857142857,642.857142857143,1217.85714285714,930.357142857143,897.142857142857,1457.14285714286,1177.14285714286,2464.28571428571,3030.61224489796,2767.85714285714,1019.16666666667,1194.28571428571,1106.72619047619,426.020408163265,1260.71428571429,843.367346938776
"2013-03-10",423.469387755102,844.897959183673,659.69387755102,840.816326530612,1686.73469387755,1263.77551020408,633.928571428571,1146.42857142857,889.642857142857,953.061224489796,1542.85714285714,1247.95918367347,2142.85714285714,2966.32653061224,2508.67346938776,892.857142857143,1197.61904761905,1038.69047619048,452.040816326531,1250,851.020408163265
"2013-03-17",435.714285714286,850,714.285714285714,671.428571428571,1671.42857142857,1171.42857142857,671.428571428571,1121.42857142857,895,835.714285714286,2042.85714285714,1439.28571428571,1821.42857142857,3071.42857142857,2432.14285714286,760.714285714286,1071.42857142857,916.071428571429,419.897959183673,1205.10204081633,821.683673469388
"2013-03-24",471.428571428571,996.428571428571,717.857142857143,764.285714285714,1771.42857142857,1267.85714285714,732.142857142857,1128.57142857143,922.857142857143,1092.85714285714,1857.14285714286,1475,1700,3285.71428571429,2500,864.285714285714,1200,1032.14285714286,285.714285714286,950,617.857142857143
"2013-03-31",250,585.714285714286,416.071428571429,635.714285714286,1557.14285714286,1096.42857142857,907.142857142857,1300,1096.42857142857,885.714285714286,1692.85714285714,1289.28571428571,2014.28571428571,3321.42857142857,2667.85714285714,792.857142857143,1264.28571428571,1028.57142857143,321.428571428571,867.857142857143,580.714285714286
"2013-04-07",260.714285714286,486.904761904762,373.809523809524,1038.09523809524,1695.2380952381,1366.66666666667,1035.71428571429,1276.78571428571,1154.64285714286,1045.2380952381,1790.47619047619,1413.09523809524,2053.57142857143,3415.30612244898,2755.95238095238,942.857142857143,1242.85714285714,1092.85714285714,533.333333333333,965.47619047619,749.761904761905
"2013-04-14",220.238095238095,452.380952380952,336.785714285714,1097.61904761905,1747.61904761905,1422.61904761905,878.571428571429,1278.57142857143,1079.28571428571,1066.66666666667,1842.85714285714,1433.33333333333,2283.33333333333,3476.19047619048,2871.42857142857,678.571428571429,1157.14285714286,917.857142857143,542.857142857143,1133.33333333333,838.095238095238
"2013-04-21",265.47619047619,485.952380952381,375.714285714286,911.904761904762,1571.42857142857,1227.38095238095,1042.85714285714,1492.85714285714,1267.14285714286,995.238095238095,1619.04761904762,1288.09523809524,1692.85714285714,2814.28571428571,2253.57142857143,789.285714285714,1228.57142857143,1008.92857142857,464.285714285714,973.809523809524,719.047619047619
"2013-04-28",294.047619047619,538.333333333333,414.285714285714,673.809523809524,1369.04761904762,1025,1069.64285714286,1539.28571428571,1305.35714285714,678.571428571429,1621.42857142857,1150,1364.28571428571,2995.2380952381,2217.85714285714,982.142857142857,1301.78571428571,1141.96428571429,440.47619047619,1033.33333333333,734.52380952381
"2013-05-05",300.765306122449,534.710884353741,415.459183673469,923.299319727891,1412.75510204082,1170.3231292517,1096.42857142857,1512.5,1304.46428571429,830.78231292517,1545.91836734694,1188.35034013605,1717.34693877551,2991.66666666667,2354.50680272109,953.571428571429,1539.28571428571,1246.42857142857,596.08843537415,1168.19727891156,879.84693877551
"2013-05-12",316.666666666667,578.333333333333,445.238095238095,1126.19047619048,1811.90476190476,1471.42857142857,1192.85714285714,1764.28571428571,1476.42857142857,1083.33333333333,1783.33333333333,1433.33333333333,1926.19047619048,3050,2485.95238095238,800,1557.14285714286,1178.57142857143,554.761904761905,1297.61904761905,926.190476190476
"2013-05-19",380.952380952381,700,538.095238095238,1197.61904761905,2157.14285714286,1701.19047619048,1086.90476190476,1854.7619047619,1470.83333333333,985.714285714286,1888.09523809524,1436.90476190476,1669.04761904762,3230.95238095238,2440.47619047619,1231.54761904762,1882.7380952381,1557.14285714286,552.380952380952,1271.42857142857,911.904761904762
"2013-05-26",434.52380952381,773.095238095238,601.428571428571,1542.85714285714,2709.52380952381,2133.33333333333,1117.85714285714,1925,1521.42857142857,940.47619047619,1776.19047619048,1358.33333333333,1645.2380952381,3552.38095238095,2598.80952380952,1046.42857142857,1996.42857142857,1521.42857142857,804.761904761905,1752.38095238095,1280.95238095238
"2013-06-02",442.857142857143,780.952380952381,608.571428571429,1540.47619047619,3071.42857142857,2305.95238095238,1119.04761904762,1954.7619047619,1536.90476190476,757.142857142857,1754.7619047619,1255.95238095238,1790.47619047619,3445.2380952381,2617.85714285714,1000,2107.14285714286,1553.57142857143,833.333333333333,1983.33333333333,1408.33333333333
"2013-06-09",466.972789115646,803.329931972789,632.80612244898,1941.39455782313,3012.24489795918,2476.81972789116,1120.71428571429,1794.28571428571,1457.5,897.142857142857,1778.09523809524,1337.61904761905,2236.19047619048,2949.72789115646,2594.26870748299,805.485527544351,1808.00653594771,1306.74603174603,1546.46258503401,2596.97278911565,2073.02721088435
"2013-06-16",461.363636363636,826.688311688312,641.688311688312,2049.88662131519,3092.63038548753,2571.25850340136,1214.28571428571,1364.28571428571,1289.28571428571,611.038961038961,1351.2987012987,981.168831168831,1807.79220779221,4173.37662337662,2995.45454545455,678.12324929972,1744.25770308123,1211.19047619048,1053.24675324675,2990.25974025974,2026.62337662338
"2013-06-23",495.238095238095,882.619047619048,686.904761904762,1819.04761904762,3254.7619047619,2536.90476190476,907.142857142857,1600,1253.57142857143,952.380952380952,1745.2380952381,1348.80952380952,2500,4662.24489795918,3606.63265306122,1028.57142857143,2428.57142857143,1728.57142857143,1309.52380952381,3190.47619047619,2245.2380952381
"2013-06-30",394.047619047619,803.91156462585,599.149659863946,1584.89010989011,3306.63265306122,2492.07221350078,1107.14285714286,1589.28571428571,1348.21428571429,605.612244897959,1374.14965986395,989.880952380952,2059.52380952381,5039.1156462585,3551.36054421769,1392.85714285714,2421.42857142857,1907.14285714286,1053.74149659864,3113.77551020408,2083.75850340136
"2013-07-07",432.142857142857,821.428571428571,624.285714285714,1402.74725274725,2947.8021978022,2175.27472527473,1078.57142857143,1457.14285714286,1267.85714285714,628.571428571429,1257.14285714286,942.857142857143,2564.28571428571,4464.28571428571,3528.57142857143,1107.14285714286,2303.57142857143,1705.35714285714,1278.57142857143,3264.28571428571,2292.85714285714
"2013-07-14",487.244897959184,901.530612244898,711.275510204082,892.176870748299,1826.19047619048,1359.18367346939,871.428571428571,1407.14285714286,1139.28571428571,647.959183673469,1194.21768707483,921.08843537415,1877.04081632653,3625.85034013605,2756.2074829932,1000,2085.71428571429,1542.85714285714,1373.63945578231,3194.89795918367,2284.26870748299
"2013-07-21",552.551020408163,1296.42857142857,926.224489795918,1182.7380952381,2196.42857142857,1689.58333333333,1060.71428571429,1439.28571428571,1250,871.428571428571,1338.57142857143,1105,2512.75510204082,3961.73469387755,3237.24489795918,1000,2000,1500,1763.69047619048,3117.85714285714,2440.77380952381
"2013-07-28",530.952380952381,1382.14285714286,957.857142857143,1228.57142857143,2707.14285714286,1978.57142857143,857.142857142857,1385.71428571429,1121.42857142857,711.904761904762,1266.66666666667,989.285714285714,2071.42857142857,3907.14285714286,2989.28571428571,942.857142857143,1800,1371.42857142857,1152.38095238095,2301.19047619048,1726.78571428571
"2013-08-04",593.650793650794,1645.63492063492,1120.31746031746,1503.0612244898,3287.75510204082,2413.26530612245,995.238095238095,1385.71428571429,1190.47619047619,435.374149659864,867.34693877551,651.360544217687,1950,4242.34693877551,3094.38775510204,971.428571428571,1447.61904761905,1209.52380952381,619.047619047619,1478.57142857143,1048.80952380952
"2013-08-11",620.634920634921,1843.50198412698,1232.36111111111,1917.1176046176,4136.4898989899,3026.80375180375,961.349206349206,1427.77777777778,1194.56349206349,469.642857142857,909.52380952381,689.583333333333,1839.68253968254,4521.8253968254,3180.75396825397,1000,1942.50161603103,1471.25080801551,609.920634920635,1560.71428571429,1085.31746031746
"2013-08-18",672.52886002886,1885.80447330447,1281.25721500722,1984.84848484848,4193.93939393939,3089.39393939394,1000,1428.57142857143,1214.28571428571,405.042016806723,810.084033613446,607.563025210084,1525.21008403361,4974.78991596639,3250,1000,1992.30769230769,1496.15384615385,600,1784.87394957983,1192.43697478992
"2013-08-25",682.65306122449,1820.40816326531,1252.24489795918,1984.84848484848,4193.93939393939,3089.39393939394,1000,1433.33333333333,1216.66666666667,405.882352941177,811.764705882353,608.823529411765,1529.41176470588,4970.58823529412,3250,1000,1992.30769230769,1496.15384615385,600,1782.35294117647,1191.17647058824
"2013-09-01",596.536796536796,1614.37229437229,1105.45454545455,1921.54740684152,4046.77022324081,2984.15881504117,1000,1433.33333333333,1216.66666666667,405.882352941177,811.764705882353,608.823529411765,1529.41176470588,4970.58823529412,3250,972.871572871573,1941.34754134754,1457.10955710956,600,1782.35294117647,1191.17647058824
"2013-09-08",526.71335200747,1591.26984126984,1058.75350140056,1035.71428571429,2400,1717.85714285714,928.571428571429,1372.61904761905,1154.16666666667,651.587301587302,1542.06349206349,1096.8253968254,1345.2380952381,3144.84126984127,2245.03968253968,582.142857142857,1325,953.571428571429,474.206349206349,1132.14285714286,803.174603174603
"2013-09-15",562.244897959184,1569.89795918367,1065,1000,2333.33333333333,1666.66666666667,900,1350,1130,733.333333333333,1800,1266.66666666667,1300,2500,1900,566.666666666667,1300,933.333333333333,433.333333333333,900,666.666666666667
"2013-09-22",551.836734693878,1511.33786848073,1030.61224489796,1000,2333.33333333333,1666.66666666667,900,1350,1130,733.333333333333,1800,1266.66666666667,1300,2500,1900,566.666666666667,1300,933.333333333333,433.333333333333,900,666.666666666667
"2013-09-29",552.448979591837,1550.25510204082,1052.66326530612,1073.80952380952,2608.57142857143,1841.19047619048,889.285714285714,1339.28571428571,1118.57142857143,709.863945578231,1779.25170068027,1244.55782312925,1314.28571428571,2505.35714285714,1909.82142857143,560.714285714286,1346.42857142857,953.571428571429,448.095238095238,984.126984126984,716.111111111111
"2013-10-06",701.428571428571,1822.14285714286,1263.28571428571,1543.57142857143,3340,2441.78571428571,1023.21428571429,1332.14285714286,1177.67857142857,608.710317460317,1538.37301587302,1073.54166666667,982.857142857143,2704.61038961039,1938.99350649351,696.428571428571,1292.85714285714,994.642857142857,506.428571428571,1442.85714285714,974.642857142857
"2013-10-13",727.97619047619,1798.21428571429,1262.91666666667,1530.35714285714,3219.04761904762,2374.70238095238,1014.28571428571,1435.71428571429,1225,494.727891156463,1436.56462585034,965.646258503401,1468.45238095238,2940.47619047619,2204.46428571429,826.190476190476,1311.90476190476,1069.04761904762,407.142857142857,1164.28571428571,785.714285714286
"2013-10-20",669.642857142857,1466.96428571429,1069.04761904762,1505.5753968254,3580.95238095238,2543.26388888889,1114.28571428571,1744.04761904762,1430.95238095238,558.214285714286,1320.53571428571,939.375,1126.96428571429,2471.42857142857,1799.19642857143,680.952380952381,1326.19047619048,1003.57142857143,565.178571428571,1512.94642857143,1036.51785714286
"2013-10-27",627.579365079365,1372.32142857143,998.968253968254,1720.2380952381,3500,2610.11904761905,1452.38095238095,2209.52380952381,1831.66666666667,621.428571428571,1517.68707482993,1069.55782312925,1168.7074829932,2918.36734693878,2043.53741496599,700,1257.14285714286,978.571428571429,967.34693877551,2480.61224489796,1723.97959183673
"2013-11-03",505.426716141002,1070.47773654917,786.256957328386,1500,3471.42857142857,2485.71428571429,1633.33333333333,2080.95238095238,1857.14285714286,673.12925170068,1414.28571428571,1043.7074829932,1292.34693877551,3000,2146.17346938776,700,1511.90476190476,1105.95238095238,1023.80952380952,2704.7619047619,1864.28571428571
"2013-11-10",475.765306122449,992.857142857143,731.989795918367,1261.90476190476,2823.80952380952,2042.85714285714,1932.85714285714,2460.95238095238,2196.90476190476,834.444444444444,1649.52380952381,1241.98412698413,1200.17006802721,2801.02040816327,2000.59523809524,755.238095238095,2283.80952380952,1519.52380952381,1342.00680272109,3057.48299319728,2199.74489795918
"2013-11-17",572.02380952381,1096.13095238095,832.232142857143,1202.08333333333,2445.2380952381,1809.07738095238,1666.66666666667,2409.52380952381,2038.09523809524,727.678571428571,1747.32142857143,1237.5,1380.35714285714,3454.16666666667,2417.2619047619,1409.52380952381,3059.52380952381,2234.52380952381,1524.23469387755,3479.84693877551,2502.04081632653
"2013-11-24",516.666666666667,1105.65476190476,809.642857142857,1057.14285714286,2442.85714285714,1714.28571428571,1507.14285714286,2500,1982.14285714286,671.428571428571,1478.57142857143,1075,1678.57142857143,3857.14285714286,2767.85714285714,1750,2642.85714285714,2196.42857142857,1507.14285714286,4042.85714285714,2775
"2013-12-01",526.530612244898,1070.40816326531,799.69387755102,659.183673469388,1690.81632653061,1175,1328.57142857143,2460.71428571429,1894.64285714286,443.877551020408,1276.5306122449,860.204081632653,1396.9387755102,3575.51020408163,2486.22448979592,1185.71428571429,2292.85714285714,1739.28571428571,1257.86435786436,3061.74242424242,2120.84235209235
"2013-12-08",424.206349206349,933.531746031746,676.944444444444,459.285714285714,1307.85714285714,883.571428571429,1271.42857142857,2450,1860.71428571429,556.428571428571,1171.42857142857,863.928571428571,1546.42857142857,3214.28571428571,2380.35714285714,1082.14285714286,1937.5,1509.82142857143,686.428571428571,1490,1088.21428571429
"2013-12-15",429.87012987013,923.376623376623,675.844155844156,835.714285714286,2042.85714285714,1439.28571428571,1342.85714285714,2400,1800,1064.28571428571,1642.85714285714,1353.57142857143,1946.42857142857,4022.95918367347,2984.69387755102,1092.85714285714,1696.42857142857,1394.64285714286,864.285714285714,2392.85714285714,1628.57142857143
"2013-12-22",475.714285714286,926.428571428571,700,892.857142857143,2050,1471.42857142857,1305.35714285714,1917.85714285714,1611.60714285714,1135.71428571429,1728.57142857143,1432.14285714286,2094.89795918367,3997.44897959184,3046.17346938776,823.214285714286,1375,1099.10714285714,807.142857142857,1935.71428571429,1385.71428571429
"2013-12-29",498.724489795918,1035.9693877551,765.408163265306,562.244897959184,1410.20408163265,986.224489795918,1235.71428571429,2021.42857142857,1628.57142857143,973.469387755102,1498.97959183673,1244.38775510204,1961.73469387755,3250.51020408163,2610.71428571429,953.571428571429,1275,1114.28571428571,494.897959183673,1101.02040816327,807.142857142857
"2014-01-05",553.571428571429,1307.14285714286,931.428571428571,342.857142857143,871.428571428571,603.571428571429,1303.57142857143,1689.28571428571,1496.42857142857,1057.14285714286,1657.14285714286,1357.14285714286,2321.42857142857,2785.71428571429,2553.57142857143,1003.57142857143,1310.71428571429,1139.28571428571,267.857142857143,664.285714285714,466.428571428571
"2014-01-12",704.761904761905,1793.75,1248.86904761905,553.571428571429,1319.64285714286,936.607142857143,871.428571428571,1392.85714285714,1132.14285714286,1229.22077922078,1634.41558441558,1431.81818181818,1944.29563492063,3182.8869047619,2563.59126984127,996.428571428571,1510.71428571429,1253.57142857143,270.238095238095,779.166666666667,513.571428571429
"2014-01-19",889.68253968254,2125.36848072562,1455.75396825397,790.873015873016,1365.07936507937,1077.97619047619,876.190476190476,1159.52380952381,1010.71428571429,1427.89682539683,2019.10714285714,1723.50198412698,1856.2012987013,2631.3961038961,2243.7987012987,1057.14285714286,1379.16666666667,1218.15476190476,427.380952380952,875.793650793651,651.587301587302
"2014-01-26",1456.80272108844,2503.0612244898,1979.89795918367,785.714285714286,1221.42857142857,1008.33333333333,707.142857142857,1164.28571428571,935.714285714286,1771.42857142857,2592.85714285714,2182.14285714286,1727.14285714286,2950,2338.57142857143,1160.71428571429,1421.42857142857,1291.07142857143,469.047619047619,847.619047619048,658.333333333333
"2014-02-02",2754.25170068027,3862.32993197279,3270.68027210884,556.292517006803,1065.81632653061,811.054421768707,547.619047619048,1052.38095238095,795.238095238095,1139.79591836735,1583.67346938776,1361.73469387755,1624.28571428571,2728.57142857143,2176.42857142857,914.285714285714,1182.14285714286,1048.21428571429,324.149659863946,727.380952380952,525.765306122449
"2014-02-09",3194.28571428571,4278.92857142857,3672.02380952381,523.809523809524,1144.7619047619,833.809523809524,575,1121.42857142857,847.321428571429,1105.71428571429,1822.14285714286,1463.92857142857,1872.14285714286,2675.71428571429,2273.92857142857,1069.64285714286,1275,1172.32142857143,323.571428571429,816.190476190476,568.452380952381
"2014-02-16",3120.40816326531,4044.89795918367,3564.62585034014,732.823129251701,1249.31972789116,986.309523809524,728.571428571429,1214.28571428571,972.619047619048,942.34693877551,1619.38775510204,1280.86734693878,2163.26530612245,2913.26530612245,2538.26530612245,1103.57142857143,1312.5,1208.03571428571,446.08843537415,854.761904761905,646.25850340136
"2014-02-23",2639.28571428571,4030.11904761905,3334.70238095238,678.095238095238,1373.57142857143,1025.83333333333,830.357142857143,1351.78571428571,1068.75,924.761904761905,1708.09523809524,1316.42857142857,2102.85714285714,3049.7619047619,2576.30952380952,773.214285714286,1107.14285714286,940.178571428571,435.714285714286,894.285714285714,672.142857142857
"2014-03-02",3828.02197802198,4684.52380952381,4256.27289377289,610.805860805861,1279.67032967033,945.238095238095,821.428571428571,1292.85714285714,1057.14285714286,635.347985347985,1458.60805860806,1046.97802197802,1804.21176046176,2960.25432900433,2382.23304473304,832.142857142857,1128.57142857143,980.357142857143,273.626373626374,649.450549450549,461.538461538462
"2014-03-09",2484.28571428571,3155,2819.64285714286,550,1307.14285714286,928.571428571429,864.285714285714,1314.28571428571,1071.42857142857,871.428571428571,1535.71428571429,1203.57142857143,1942.85714285714,2764.28571428571,2353.57142857143,835.714285714286,1257.14285714286,1046.42857142857,214.285714285714,614.285714285714,414.285714285714
"2014-03-16",1150,1721.42857142857,1435.71428571429,478.571428571429,1278.57142857143,878.571428571429,964.285714285714,1207.14285714286,1085.71428571429,571.428571428571,1357.14285714286,964.285714285714,2042.85714285714,2957.14285714286,2500,942.857142857143,1321.42857142857,1132.14285714286,228.571428571429,671.428571428571,450
"2014-03-23",500,1354.59183673469,927.295918367347,423.979591836735,1065.30612244898,744.642857142857,1057.14285714286,1371.42857142857,1214.28571428571,427.040816326531,1127.55102040816,777.295918367347,1222.95918367347,2799.48979591837,2011.22448979592,592.857142857143,1178.57142857143,885.714285714286,214.285714285714,584.52380952381,399.404761904762
"2014-03-30",511.224489795918,1070.40816326531,790.816326530612,430.102040816327,1147.44897959184,789.183673469388,971.428571428571,1342.85714285714,1157.14285714286,338.265306122449,1096.9387755102,717.602040816327,1429.59183673469,2851.5306122449,2140.5612244898,1057.14285714286,1335.71428571429,1196.42857142857,201.648351648352,584.615384615385,393.131868131868
"2014-04-06",358.163265306122,846.428571428571,602.5,407.65306122449,1183.67346938776,797.091836734694,1014.28571428571,1375,1195.35714285714,357.440476190476,953.769841269841,655.605158730159,1165.81632653061,2489.28571428571,1827.55102040816,1092.85714285714,1342.85714285714,1217.85714285714,231.632653061224,658.163265306122,444.897959183673
"2014-04-13",296.428571428571,672.959183673469,486.581632653061,474.489795918367,1057.14285714286,765.816326530612,895.238095238095,1005.95238095238,950.595238095238,439.378478664193,1120.68645640074,780.032467532468,1430.61224489796,2594.89795918367,1996.42857142857,1125.71428571429,1289.52380952381,1207.61904761905,235.714285714286,645.918367346939,440.816326530612
"2014-04-20",307.857142857143,798.571428571429,553.214285714286,480.714285714286,1337.14285714286,908.928571428571,1264.60317460317,1493.4126984127,1376.6746031746,436.428571428571,1179.28571428571,807.857142857143,1108.57142857143,2931.42857142857,2020,960.037348272642,1268.55742296919,1114.29738562092,277.142857142857,809.285714285714,543.214285714286
"2014-04-27",450,889.285714285714,670.714285714286,392.857142857143,1335.71428571429,864.285714285714,1491.07142857143,1825,1658.03571428571,317.34693877551,1090.81632653061,704.081632653061,892.857142857143,2214.28571428571,1510.71428571429,325,1200,762.5,217.857142857143,685.714285714286,452.142857142857
"2014-05-04",472.19387755102,920.918367346939,697.397959183673,492.857142857143,1227.04081632653,859.948979591837,1507.14285714286,1832.14285714286,1670.71428571429,310.43956043956,945.054945054945,627.747252747253,735.204081632653,2141.83673469388,1461.47959183673,380.952380952381,1180.95238095238,780.952380952381,283.673469387755,766.836734693878,534.438775510204
"2014-05-11",511.428571428571,1056.07142857143,783.571428571429,527.857142857143,1445,986.428571428571,1589.28571428571,1946.42857142857,1767.85714285714,682.857142857143,1317.85714285714,1000.35714285714,803.571428571429,2166.42857142857,1475.71428571429,361.904761904762,1152.38095238095,757.142857142857,239.642857142857,634.285714285714,435.892857142857
"2014-05-18",514.285714285714,1167.85714285714,840.714285714286,742.857142857143,1906.12244897959,1316.32653061224,1597.61904761905,1961.90476190476,1779.7619047619,651.020408163265,1610.20408163265,1130.61224489796,809.183673469388,2262.24489795918,1532.14285714286,376.190476190476,1200,788.095238095238,373.469387755102,954.081632653061,660.204081632653
"2014-05-25",500,1200,850,694.642857142857,1921.42857142857,1308.03571428571,1552.99612152553,1847.46606334842,1700.23109243697,550,1600,1075,833.333333333333,2416.66666666667,1625,385.714285714286,1200,792.857142857143,491.071428571429,1142.1176046176,816.594516594517
"2014-06-01",520.803706097824,1210.40185304891,866.642964878259,985.714285714286,2314.28571428571,1650,1532.21920198664,1782.63700124165,1657.42810161415,721.428571428571,2578.57142857143,1650,614.285714285714,2964.28571428571,1789.28571428571,631.383603476627,1299.16440148998,965.274002483305,468.137379416449,807.912087912088,638.024733664269
"2014-06-08",579.591836734694,1370.40816326531,976.122448979592,971.428571428571,2261.22448979592,1616.32653061224,1801.90476190476,1840,1820.95238095238,739.455782312925,2201.36054421769,1470.40816326531,1085.71428571429,3306.12244897959,2195.91836734694,1490.56871233342,1698.21492233257,1594.39181733299,339.455782312925,905.442176870748,622.448979591837
"2014-06-15",900,2035.71428571429,1467.85714285714,1071.42857142857,2292.85714285714,1714.28571428571,1680.95238095238,1998.80952380952,1839.88095238095,871.428571428571,2607.14285714286,1825,1171.42857142857,3200,2178.57142857143,664.285714285714,1316.66666666667,990.47619047619,335.714285714286,971.428571428571,667.857142857143
"2014-06-22",1020.40816326531,2570.91836734694,1791.07142857143,1213.26530612245,2830.10204081633,2010.9693877551,1722.61904761905,2000,1861.30952380952,1061.73469387755,2296.42857142857,1677.55102040816,1238.77551020408,3322.44897959184,2264.28571428571,700,1336.90476190476,1018.45238095238,331.122448979592,984.69387755102,657.908163265306
"2014-06-29",985.714285714286,2492.85714285714,1739.28571428571,1464.28571428571,3157.14285714286,2300,1671.42857142857,2021.42857142857,1846.42857142857,1242.85714285714,2914.28571428571,2042.85714285714,1464.28571428571,3414.28571428571,2435.71428571429,685.714285714286,1292.85714285714,989.285714285714,542.857142857143,1378.57142857143,952.142857142857
"2014-07-06",928.571428571429,2203.57142857143,1567.85714285714,1607.14285714286,2842.85714285714,2225,1642.85714285714,2064.28571428571,1853.57142857143,1157.14285714286,2728.57142857143,1942.85714285714,1344.38775510204,3265.30612244898,2304.84693877551,700,1428.57142857143,1064.28571428571,685.714285714286,1564.28571428571,1125
"2014-07-13",879.931972789116,2195.91836734694,1492.68707482993,1017.34693877551,2019.55782312925,1533.75850340136,1735.71428571429,2185.71428571429,1960.71428571429,1163.09523809524,2486.22448979592,1839.79591836735,1477.72108843537,2932.8231292517,2205.27210884354,657.142857142857,1907.14285714286,1282.14285714286,1278.91156462585,2603.57142857143,1947.36394557823
"2014-07-20",728.571428571429,1952.38095238095,1345.2380952381,861.904761904762,1521.42857142857,1191.66666666667,1664.28571428571,2239.28571428571,1951.78571428571,959.52380952381,1740.47619047619,1347.61904761905,1580.95238095238,2678.57142857143,2129.7619047619,710.714285714286,2017.85714285714,1364.28571428571,2450,4273.80952380952,3361.90476190476
"2014-07-27",702.380952380952,2109.52380952381,1405.95238095238,902.380952380952,1523.80952380952,1210.71428571429,1771.42857142857,2300,1992.85714285714,1061.90476190476,1752.38095238095,1407.14285714286,1938.09523809524,3285.71428571429,2611.90476190476,1053.57142857143,2303.57142857143,1678.57142857143,2190.47619047619,4288.09523809524,3244.04761904762
"2014-08-03",678.571428571429,2057.14285714286,1415.47619047619,1252.38095238095,2109.52380952381,1680.95238095238,1907.14285714286,2303.57142857143,2105.35714285714,811.904761904762,1402.38095238095,1104.7619047619,2192.85714285714,3826.19047619048,3009.52380952381,1121.42857142857,1957.14285714286,1539.28571428571,2357.14285714286,4073.80952380952,3215.47619047619
"2014-08-10",690.47619047619,2176.19047619048,1433.33333333333,1809.52380952381,2983.33333333333,2396.42857142857,2185.71428571429,2557.14285714286,2371.42857142857,688.095238095238,1247.61904761905,967.857142857143,2500,4238.09523809524,3369.04761904762,742.857142857143,2328.57142857143,1571.42857142857,1557.14285714286,2757.14285714286,2157.14285714286
"2014-08-17",671.428571428571,1980.95238095238,1350,1890.47619047619,2904.7619047619,2397.61904761905,2494.64285714286,2748.21428571429,2621.42857142857,669.047619047619,1190.47619047619,927.380952380952,2554.7619047619,4357.14285714286,3455.95238095238,741.071428571429,2189.28571428571,1465.17857142857,1621.42857142857,2700,2158.33333333333
"2014-08-24",674.319727891157,1712.92517006803,1193.62244897959,1126.87074829932,2092.85714285714,1609.86394557823,2192.85714285714,2582.14285714286,2387.5,630.272108843537,1045.2380952381,837.755102040816,2045.2380952381,3502.72108843537,2770.91836734694,764.285714285714,2314.28571428571,1539.28571428571,2163.26530612245,3699.65986394558,2956.97278911565
"2014-08-31",685.714285714286,1633.33333333333,1159.52380952381,1109.52380952381,1971.42857142857,1545.2380952381,2242.85714285714,2605.35714285714,2423.57142857143,528.571428571429,1095.2380952381,811.904761904762,1902.38095238095,3169.04761904762,2535.71428571429,607.142857142857,2300,1346.42857142857,1338.09523809524,2661.90476190476,2000
"2014-09-07",661.904761904762,1569.04761904762,1115.95238095238,1185.71428571429,2328.57142857143,1757.14285714286,2875,3164.28571428571,3019.64285714286,738.095238095238,1252.38095238095,976.190476190476,1844.21768707483,3046.59863945578,2479.42176870748,1000,2678.57142857143,1839.28571428571,995.238095238095,1847.61904761905,1414.28571428571
"2014-09-14",528.231292517007,1280.10204081633,904.727891156463,1800,2721.42857142857,2260.71428571429,2635.71428571429,2975,2805.35714285714,871.428571428571,1419.04761904762,1145.2380952381,2326.19047619048,3764.28571428571,3045.2380952381,978.571428571429,2682.14285714286,1830.35714285714,1373.80952380952,2369.04761904762,1871.42857142857
"2014-09-21",559.52380952381,1358.33333333333,948.333333333333,1357.14285714286,2678.57142857143,2017.85714285714,2371.42857142857,2925,2648.21428571429,823.809523809524,1492.85714285714,1158.33333333333,2090.47619047619,3704.76190476191,2921.42857142857,757.142857142857,2735.71428571429,1739.28571428571,1323.80952380952,2511.90476190476,1922.61904761905
"2014-09-28",601.020408163265,1136.73469387755,809.183673469388,960.034013605442,2062.75510204082,1511.39455782313,2600,3185.71428571429,2892.85714285714,695.238095238095,1221.42857142857,957.993197278912,1462.92517006803,2778.57142857143,2120.74829931973,771.428571428571,2750,1760.71428571429,1271.42857142857,2361.56462585034,1807.31292517007
"2014-10-05",884.126984126984,1000,942.063492063492,1237.27513227513,1829.4708994709,1533.37301587302,2495.2380952381,3047.61904761905,2771.42857142857,549.126984126984,1050.71428571429,770.185185185185,1214.68253968254,2492.32804232804,1853.50529100529,700,2726.19047619048,1713.09523809524,1126.56084656085,2146.71957671958,1636.64021164021
"2014-10-12",1014.59968602826,1053.68916797488,1031.08320251177,1202.55102040816,2036.10675039246,1619.32888540031,2785.71428571429,3339.28571428571,3062.5,679.016221873365,1205.72998430141,930.991627420199,1199.08424908425,2256.01779173208,1721.32391418106,871.428571428571,2471.42857142857,1671.42857142857,898.953427524856,1815.72475143904,1357.33908948195
"2014-10-19",609.70695970696,658.424908424908,633.882783882784,1394.87179487179,2326.73992673993,1860.80586080586,2721.42857142857,3357.14285714286,3039.28571428571,869.96336996337,1463.36996336996,1181.68498168498,1365.20146520147,2411.35531135531,1887.91208791209,700,2571.42857142857,1635.71428571429,968.131868131868,1769.59706959707,1368.86446886447
"2014-10-26",780.272108843537,850.680272108843,798.214285714286,1390.22108843537,2496.9387755102,1943.57993197279,2558.92857142857,3045.2380952381,2802.08333333333,838.43537414966,1455.95238095238,1148.89455782313,1447.44897959184,2354.25170068027,1889.79591836735,700,3075,1887.5,619.387755102041,1224.14965986395,921.768707482993
"2014-11-02",611.904761904762,700,648.095238095238,1464.28571428571,2597.61904761905,2030.95238095238,3021.42857142857,3450,3235.71428571429,964.285714285714,1704.7619047619,1334.52380952381,1904.7619047619,2976.19047619048,2440.47619047619,871.428571428571,2185.71428571429,1528.57142857143,571.428571428571,1061.90476190476,816.666666666667
"2014-11-09",643.650793650794,702.857142857143,668.888888888889,1820.11904761905,3482.93650793651,2644.70238095238,3032.14285714286,3375,3203.57142857143,1351.11111111111,2445.63492063492,1898.37301587302,2539.68253968254,3861.98412698413,3200.83333333333,785.714285714286,1857.14285714286,1321.42857142857,779.722222222222,1443.80952380952,1111.76587301587
"2014-11-16",576.587301587302,753.637566137566,644.57671957672,1802.05026455026,3293.78306878307,2521.46164021164,2642.85714285714,3100.59523809524,2871.72619047619,1035.84656084656,1866.07142857143,1450.95899470899,2007.20899470899,3373.18121693122,2690.19510582011,688.095238095238,2238.09523809524,1463.09523809524,614.625850340136,1012.35827664399,813.492063492063
"2014-11-23",599.095547309833,713.9146567718,646.444032158318,1598.14471243043,3147.58812615955,2372.86641929499,2625,3164.28571428571,2883.92857142857,803.21583178726,1615.84724799011,1209.53153988868,2068.83116883117,3314.84230055659,2691.83673469388,907.142857142857,1996.42857142857,1451.78571428571,603.92464678179,900.470957613815,752.197802197802
"2014-11-30",477.380952380952,623.809523809524,525,2519.04761904762,3847.61904761905,3183.33333333333,2690.47619047619,3250,2970.2380952381,1135.71428571429,1954.7619047619,1545.2380952381,2104.7619047619,3697.61904761905,2901.19047619048,1032.14285714286,2146.42857142857,1589.28571428571,628.571428571429,1064.28571428571,846.428571428571
"2014-12-07",473.469387755102,635.714285714286,541.836734693878,2547.44897959184,4157.65306122449,3314.28571428571,2492.85714285714,3160.71428571429,2821.42857142857,1029.08163265306,2030.78231292517,1468.7074829932,2457.48299319728,3977.89115646259,3217.68707482993,1367.85714285714,2050,1716.07142857143,703.91156462585,1422.78911564626,1063.35034013605
"2014-12-14",513.775510204082,666.836734693878,573.979591836735,1773.4693877551,3374.14965986395,2573.80952380952,2447.61904761905,2952.38095238095,2700,1026.87074829932,1836.39455782313,1431.63265306122,2079.08163265306,3414.79591836735,2746.9387755102,1060.71428571429,1664.28571428571,1362.5,829.931972789116,1612.24489795918,1224.14965986395
"2014-12-21",707.142857142857,707.142857142857,707.142857142857,1480.95238095238,2640.47619047619,2060.71428571429,2392.85714285714,2961.90476190476,2677.38095238095,907.142857142857,1719.04761904762,1313.09523809524,2423.80952380952,3411.90476190476,2917.85714285714,1382.14285714286,1850,1616.07142857143,830.952380952381,1680.95238095238,1255.95238095238
"2014-12-28",995.238095238095,1000,996.825396825397,1908.73015873016,3351.19047619048,2629.96031746032,2054.7619047619,2750,2402.38095238095,1465.07936507937,2654.96031746032,2061.50793650794,2232.14285714286,3875,3053.57142857143,1060.71428571429,1642.85714285714,1351.78571428571,1166.26984126984,2383.33333333333,1774.60317460317
"2015-01-04",942.857142857143,1000,966.666666666667,1678.23129251701,3166.66666666667,2422.44897959184,1973.80952380952,2395.2380952381,2166.66666666667,1471.59863945578,2098.80952380952,1803.0612244898,2477.04081632653,3857.14285714286,3167.09183673469,1171.42857142857,1650,1410.71428571429,1229.93197278912,2537.41496598639,1881.2925170068
"2015-01-11",983.116883116883,1000,991.558441558442,1221.86147186147,2181.16883116883,1701.51515151515,1825,2290.47619047619,2057.7380952381,1300.21645021645,1815.80086580087,1558.00865800866,2198.05194805195,4107.14285714286,3201.2987012987,1192.85714285714,1600,1396.42857142857,1312.12121212121,2331.38528138528,1821.75324675325
"2015-01-18",967.161410018553,1000,983.580705009276,1423.22201607916,2644.44032158318,2012.01298701299,1189.28571428571,1721.42857142857,1455.35714285714,1346.38218923933,2116.5120593692,1731.44712430427,2743.50649350649,4478.66419294991,3616.18738404453,1148.80952380952,1530.95238095238,1339.88095238095,1257.23562152134,2473.34570191713,1865.29066171923
"2015-01-25",589.054232804233,640.972222222222,615.013227513228,1158.42490842491,2010.43956043956,1584.43223443223,1141.66666666667,1480.95238095238,1311.30952380952,1203.76984126984,1885.81349206349,1544.79166666667,2303.0753968254,5053.0753968254,3678.0753968254,1051.19047619048,1595.2380952381,1323.21428571429,1036.26373626374,2003.11355311355,1519.68864468864
"2015-02-01",397.532467532468,469.069264069264,432.67316017316,609.340659340659,1307.14285714286,958.241758241758,785.714285714286,1407.14285714286,1096.42857142857,1270.12987012987,1757.14285714286,1513.63636363636,2412.98701298701,4528.57142857143,3470.77922077922,1060.71428571429,1625,1342.85714285714,784.981684981685,1568.49816849817,1176.73992673993
"2015-02-08",640.136054421769,1455.10204081633,1047.61904761905,738.095238095238,1361.90476190476,1050,885.714285714286,1283.33333333333,1084.52380952381,1133.16326530612,1878.0612244898,1505.61224489796,2158.16326530612,4191.32653061224,3174.74489795918,875,1339.28571428571,1101.78571428571,1004.7619047619,1857.14285714286,1430.95238095238
"2015-02-15",880.586080586081,2019.04761904762,1449.81684981685,891.391941391941,1739.19413919414,1312.91208791209,838.095238095238,1185.71428571429,1012.2619047619,1136.81318681319,2088.27838827839,1612.54578754579,2456.95970695971,3924.90842490842,3190.93406593407,992.857142857143,1396.42857142857,1194.64285714286,994.871794871795,1741.20879120879,1364.92673992674
"2015-02-22",1048.57142857143,2255.39682539683,1651.98412698413,765.873015873016,1454.60317460317,1110.2380952381,744.761904761905,1153.33333333333,949.047619047619,1287.61904761905,2487.30158730159,1887.46031746032,2055.95238095238,3980.95238095238,3018.45238095238,884.52380952381,1334.52380952381,1109.52380952381,871.428571428571,1613.01587301587,1241.74603174603
"2015-03-01",1297.95918367347,2203.0612244898,1826.19047619048,723.87136672851,1479.09709338281,1110.94619666048,795.238095238095,1170.2380952381,982.738095238095,976.168831168831,2341.94805194805,1659.05844155844,1614.18367346939,3991.42857142857,2802.80612244898,778.571428571429,1210.71428571429,994.642857142857,813.605442176871,1500.68027210884,1157.14285714286
"2015-03-08",1150.17006802721,2047.61904761905,1854.1156462585,994.21768707483,1744.89795918367,1369.55782312925,667.857142857143,1080.95238095238,874.404761904762,1157.65306122449,1811.73469387755,1484.69387755102,2132.31292517007,4000.34013605442,3066.32653061224,1071.42857142857,1292.85714285714,1182.14285714286,814.285714285714,1440.81632653061,1127.55102040816
"2015-03-15",2319.04761904762,3130.95238095238,2992.85714285714,742.857142857143,1571.42857142857,1157.14285714286,571.428571428571,1192.85714285714,882.142857142857,1257.14285714286,1878.57142857143,1567.85714285714,1992.85714285714,3614.28571428571,2803.57142857143,867.857142857143,1303.57142857143,1085.71428571429,685.714285714286,1454.7619047619,1070.2380952381
"2015-03-22",3340.13605442177,5026.02040816327,4427.89115646259,534.69387755102,1269.72789115646,902.210884353741,609.52380952381,983.333333333333,796.428571428571,606.122448979592,1649.48979591837,1099.23469387755,1883.50340136054,4121.76870748299,3079.16666666667,764.285714285714,1232.14285714286,998.214285714286,633.809523809524,1248.57142857143,941.190476190476
"2015-03-29",3336.73469387755,4674.48979591837,4482.65306122449,551.530612244898,1204.59183673469,883.503401360544,591.666666666667,1007.14285714286,799.404761904762,479.251700680272,1302.21088435374,890.731292517007,1933.67346938776,3847.61904761905,2890.6462585034,767.857142857143,1267.85714285714,1017.85714285714,584.69387755102,1242.1768707483,913.43537414966
"2015-04-05",1219.04761904762,2190.47619047619,1650,661.904761904762,1266.66666666667,959.52380952381,488.095238095238,959.52380952381,723.809523809524,580.952380952381,1080.95238095238,830.952380952381,1969.04761904762,3397.61904761905,2683.33333333333,635.714285714286,1442.85714285714,1039.28571428571,554.761904761905,1095.2380952381,825
"2015-04-12",428.571428571429,1153.47985347985,791.025641025641,690.842490842491,1299.08424908425,994.96336996337,655.357142857143,943.452380952381,799.404761904762,562.337662337662,1108.65800865801,835.497835497835,1819.48051948052,3172.72727272727,2496.1038961039,757.142857142857,1471.42857142857,1114.28571428571,613.919413919414,1156.59340659341,882.142857142857
"2015-04-19",277.655677655678,528.205128205128,402.930402930403,516.300366300366,1202.38095238095,871.245421245421,757.142857142857,1119.04761904762,938.095238095238,592.39417989418,1000.13227513228,806.613756613757,1488.75661375661,2596.56084656085,2049.80158730159,600,1242.85714285714,921.428571428571,475.457875457875,972.161172161172,723.809523809524
"2015-04-26",249.24777603349,510.556209663353,379.901992848421,767.65306122449,1372.68707482993,1077.31292517007,722.619047619048,1109.52380952381,916.071428571429,591.598639455782,1131.2925170068,865.731292517007,1559.38775510204,2508.53741496599,2036.10544217687,557.142857142857,1269.04761904762,913.095238095238,722.431972789116,1265.54421768707,994.642857142857
"2015-05-03",231.309523809524,484.007936507937,357.65873015873,767.791005291005,1766.86507936508,1267.92328042328,547.619047619048,1116.66666666667,832.142857142857,616.600529100529,1124.4708994709,870.535714285714,1432.20899470899,2606.21693121693,2019.21296296296,816.666666666667,1535.71428571429,1176.19047619048,582.804232804233,1182.93650793651,887.830687830688
"2015-05-10",208.528138528139,442.640692640693,325.584415584416,1125.54112554113,2631.60173160173,1886.1038961039,553.571428571429,1060.71428571429,807.142857142857,589.350649350649,1273.41991341991,931.385281385281,1182.94372294372,2483.20346320346,1833.07359307359,614.285714285714,1257.14285714286,935.714285714286,595.757575757576,1320.77922077922,965.800865800866
"2015-05-17",209.267399267399,507.399267399267,358.333333333333,1342.85714285714,2929.12087912088,2135.98901098901,552.97619047619,1164.88095238095,858.928571428571,782.417582417582,1562.08791208791,1172.25274725275,1416.11721611722,2467.03296703297,1941.57509157509,586.904761904762,1321.42857142857,954.166666666667,545.054945054945,1052.01465201465,798.534798534798
"2015-05-24",209.948979591837,530.78231292517,371.896258503401,1086.22448979592,2661.73469387755,1873.97959183673,571.428571428571,1171.42857142857,871.428571428571,712.755102040816,1723.4693877551,1218.11224489796,1230.95238095238,2861.56462585034,2046.25850340136,685.714285714286,1328.57142857143,1007.14285714286,535.034013605442,1252.21088435374,899.744897959184
"2015-05-31",207.142857142857,541.666666666667,374.404761904762,1166.66666666667,2695.2380952381,1930.95238095238,728.571428571429,1078.57142857143,903.571428571429,776.190476190476,1821.42857142857,1298.80952380952,1219.04761904762,2883.33333333333,2051.19047619048,857.142857142857,1507.14285714286,1182.14285714286,547.619047619048,1319.04761904762,933.333333333333
"2015-06-07",303.571428571429,621.428571428571,469.642857142857,1309.52380952381,2692.85714285714,1970.2380952381,721.428571428571,1185.71428571429,953.571428571429,690.47619047619,1540.47619047619,1117.85714285714,1209.52380952381,2957.14285714286,2083.33333333333,871.428571428571,1521.42857142857,1196.42857142857,559.52380952381,1388.09523809524,983.333333333333
"2015-06-14",500,1091.66666666667,786.904761904762,1471.42857142857,2738.09523809524,2104.7619047619,785.714285714286,1221.42857142857,1003.57142857143,864.285714285714,1557.14285714286,1208.33333333333,1509.52380952381,3114.28571428571,2311.90476190476,792.857142857143,1814.28571428571,1296.42857142857,761.904761904762,1502.38095238095,1132.14285714286
"2015-06-21",742.857142857143,1614.28571428571,1180.95238095238,1264.28571428571,2433.33333333333,1942.85714285714,721.428571428571,1214.28571428571,964.285714285714,752.380952380952,1452.38095238095,1145.2380952381,1433.33333333333,3211.90476190476,2429.7619047619,664.285714285714,2021.42857142857,1332.14285714286,685.714285714286,1385.71428571429,1061.90476190476
"2015-06-28",533.786848072562,1504.19501133787,1021.9246031746,1237.5425170068,2343.86337868481,1922.63321995465,621.428571428571,1059.52380952381,888.095238095238,674.744897959184,1140.589569161,943.718820861678,1500.42517006803,3082.05782312925,2524.84552154195,711.904761904762,2045.2380952381,1020.2380952381,869.515306122449,1853.48639455782,1588.40702947846
"2015-07-05",478.571428571429,1176.19047619048,827.380952380952,1080.95238095238,2416.66666666667,2025.95238095238,685.714285714286,1175,992.857142857143,780.952380952381,1440.47619047619,1210.47619047619,1592.85714285714,3250,2750.71428571429,878.571428571429,2071.42857142857,1332.14285714286,616.666666666667,1435.71428571429,1208.80952380952
"2015-07-12",586.394557823129,1300.34013605442,895.170068027211,1037.75510204082,2069.38775510204,1845.13605442177,521.428571428571,1064.28571428571,860.714285714286,810.544217687075,1441.83673469388,1231.46258503401,1203.40136054422,2452.04081632653,2014.42176870748,900,1842.85714285714,1235.71428571429,790.136054421769,1722.78911564626,1343.97959183673
"2015-07-19",466.666666666667,1056.12244897959,765.034013605442,787.142857142857,1724.7619047619,1516.19047619048,500,1028.57142857143,789.285714285714,790.136054421769,1517.34693877551,1203.0612244898,852.721088435374,1928.91156462585,1552.44897959184,835.714285714286,2000,1507.14285714286,932.65306122449,2130.27210884354,1876.32653061224
"2015-07-26",460.884353741497,998.299319727891,729.591836734694,747.959183673469,1459.86394557823,1159.65986394558,621.428571428571,1100,828.571428571429,751.700680272109,1439.45578231293,1219.3537414966,932.312925170068,2079.25170068027,1652.68707482993,896.428571428571,1883.92857142857,1516.07142857143,774.829931972789,1711.56462585034,1553.97959183673
"2015-08-02",480.952380952381,1078.57142857143,758.333333333333,778.571428571429,1630.95238095238,1402.38095238095,714.285714285714,1035.71428571429,892.857142857143,869.047619047619,1421.42857142857,1183.33333333333,1140.47619047619,2116.66666666667,1821.90476190476,757.142857142857,1900,1471.42857142857,619.047619047619,1402.38095238095,1225.71428571429
"2015-08-09",870.068027210884,1629.59183673469,1262.24489795918,1076.5306122449,2029.25170068027,1653.40136054422,614.285714285714,1042.85714285714,821.428571428571,782.993197278912,1462.24489795918,1303.74149659864,1629.59183673469,2893.87755102041,2492.72108843537,871.428571428571,1914.28571428571,1385.71428571429,475.510204081633,1090.81632653061,893.367346938776
"2015-08-16",1545.88744588745,2026.62337662338,1786.25541125541,932.738095238095,1783.92857142857,1520.99206349206,600,1000,807.142857142857,650.793650793651,1613.29365079365,1235.47619047619,1265.07936507937,2863.88888888889,2262.06349206349,792.857142857143,1800,1535.71428571429,326.388888888889,806.349206349206,596.547619047619
"2015-08-23",1942.85714285714,2529.46428571429,2262.64880952381,733.531746031746,1723.80952380952,1481.78571428571,700,1042.85714285714,942.857142857143,472.81746031746,1109.3253968254,878.412698412698,966.468253968254,2315.27777777778,1883.86904761905,1021.42857142857,1716.66666666667,1571.42857142857,416.269841269841,1109.52380952381,828.035714285714
"2015-08-30",1131.63265306122,1835.71428571429,1483.67346938776,745.918367346939,1942.34693877551,1618.50340136054,621.428571428571,1000,832.142857142857,542.517006802721,1057.14285714286,774.965986394558,1013.94557823129,2084.3537414966,1632.41496598639,1132.14285714286,1882.14285714286,1596.42857142857,392.857142857143,992.857142857143,758.775510204082
"2015-09-06",761.904761904762,1188.09523809524,975,745.238095238095,1576.19047619048,1324.04761904762,732.142857142857,1110.71428571429,900,580.952380952381,1129.93197278912,912.448979591837,1021.42857142857,2085.71428571429,1731.42857142857,1085.71428571429,1942.85714285714,1685.71428571429,503.333333333333,1121.42857142857,894.52380952381
"2015-09-13",377.857142857143,966.428571428571,672.142857142857,755.952380952381,1589.04761904762,1334.2619047619,728.571428571429,1507.85714285714,1239.28571428571,621.666666666667,1167.14285714286,955.571428571429,966.904761904762,2036.19047619048,1738.2619047619,1128.57142857143,2010.71428571429,1798.21428571429,440.238095238095,1010.2380952381,845.142857142857
"2015-09-20",292.517006802721,746.938775510204,519.727891156463,833.673469387755,1516.49659863946,1254.82993197279,714.285714285714,1342.85714285714,1100,668.367346938776,1390.98639455782,1184.31972789116,1079.93197278912,2221.08843537415,1880.01700680272,1050,1957.14285714286,1678.57142857143,476.190476190476,1077.38095238095,890.459183673469
"2015-09-27",253.571428571429,623.299319727891,438.43537414966,1157.14285714286,2142.85714285714,1867.85714285714,671.428571428571,1157.14285714286,928.571428571429,938.095238095238,1669.04761904762,1452.85714285714,1569.04761904762,3235.71428571429,2790.47619047619,800,1821.42857142857,1528.57142857143,521.428571428571,1159.52380952381,972.380952380952
"2015-10-04",273.469387755102,627.210884353741,450.340136054422,1483.84353741497,2991.32653061224,2612.31292517007,746.428571428571,1178.57142857143,1000,819.047619047619,1790.47619047619,1493.33333333333,2223.80952380952,4023.80952380952,3620.47619047619,1025,2060.71428571429,1846.42857142857,761.904761904762,1500,1296.66666666667
"2015-10-11",313.775510204082,836.224489795918,575.102040816327,1495.40816326531,2796.42857142857,2503.0612244898,778.571428571429,1180.35714285714,1075,786.054421768707,1716.49659863946,1380.47619047619,1766.66666666667,3519.04761904762,3107.24489795918,921.428571428571,1900,1692.85714285714,768.707482993197,1548.12925170068,1301.08843537415
"2015-10-18",307.65306122449,795.408163265306,552.244897959184,1438.09523809524,2773.80952380952,2481.19047619048,917.857142857143,1500,1325,1023.80952380952,1730.95238095238,1447.64285714286,1959.52380952381,3602.38095238095,3228.33333333333,857.142857142857,2257.14285714286,2014.28571428571,1319.04761904762,1966.66666666667,1766.90476190476
"2015-10-25",262.414965986395,733.503401360544,497.959183673469,1434.24036281179,2805.44217687075,2273.43537414966,816.666666666667,1416.66666666667,1240.47619047619,1218.98656898657,1924.11477411477,1695.03663003663,1908.42490842491,3641.02564102564,3169.04761904762,819.047619047619,2523.80952380952,2233.33333333333,917.338217338217,1544.56654456654,1345.87301587302
"2015-11-01",327.040816326531,772.448979591837,549.744897959184,1565.87301587302,2548.4126984127,2285.87301587302,823.809523809524,1476.19047619048,1254.7619047619,1105.71428571429,1790.71428571429,1618.64285714286,1707.14285714286,3060.71428571429,2712.85714285714,957.142857142857,2702.38095238095,2461.90476190476,1181.42857142857,1912.85714285714,1720.85714285714
"2015-11-08",355.844155844156,1007.14285714286,686.363636363636,1275.32467532468,2342.85714285714,2085,721.428571428571,1257.14285714286,1042.85714285714,1065.58441558442,2077.27272727273,1817.01298701299,1672.07792207792,3779.22077922078,3400.19480519481,957.142857142857,2642.85714285714,2400,1190.25974025974,2548.05194805195,2272.5974025974
"2015-11-15",300,937.142857142857,620,1038.45238095238,1918.92857142857,1626.15476190476,757.142857142857,1300,1042.85714285714,954.285714285714,1991.42857142857,1701.14285714286,1620,3971.42857142857,3428.57142857143,982.857142857143,2565.47619047619,2308.33333333333,1514.28571428571,3360,2898.85714285714
"2015-11-22",330.969030969031,898.501498501499,614.735264735265,1038.77551020408,2033.67346938776,1592.44897959184,707.142857142857,1364.28571428571,1035.71428571429,1014.28571428571,1692.85714285714,1459.67532467532,1996.003996004,3955.04495504495,3566.13386613387,1000,2659.52380952381,2233.33333333333,2238.31168831169,3764.28571428571,3426.68831168831
"2015-11-29",436.499215070644,889.246467817896,658.281004709576,922.448979591837,2087.75510204082,1711.73469387755,664.285714285714,1414.28571428571,1135.71428571429,630.102040816327,1277.55102040816,1030.71428571429,1500,3612.63736263736,3114.56043956044,1000,2364.28571428571,1928.57142857143,952.040816326531,2991.83673469388,2492.95918367347
"2015-12-06",517.142857142857,1717.85714285714,1117.5,1495,2672.85714285714,2383.14285714286,507.142857142857,1378.57142857143,1057.85714285714,1005.71428571429,1854.28571428571,1556.28571428571,1735.59523809524,3905.23809523809,3520.19047619048,900,1985.71428571429,1596.42857142857,1021.42857142857,2387.14285714286,2003.35714285714
"2015-12-13",615.30612244898,1904.59183673469,1259.94897959184,1562.75510204082,3328.57142857143,2974.69387755102,671.428571428571,1342.85714285714,1035.71428571429,951.020408163265,1550,1387.55102040816,1331.63265306122,3913.26530612245,3506.12244897959,928.571428571429,1535.71428571429,1228.57142857143,1029.08163265306,2250,1881.73469387755
"2015-12-20",972.142857142857,1835,1403.57142857143,2402.55102040816,3515.81632653061,3306.12244897959,600,1414.28571428571,1103.57142857143,1034.18367346939,1564.28571428571,1396.73469387755,1578.57142857143,3372.14285714286,3021.14285714286,725,1575,1328.57142857143,1189.79591836735,2042.85714285714,1822.85714285714
"2015-12-27",818.690476190476,2155.59523809524,1487.14285714286,1978.45238095238,3632.7380952381,3363.51785714286,566.666666666667,1300,1085.71428571429,916.369047619048,1472.67857142857,1302.88095238095,1500,3759.52380952381,3164.04761904762,714.285714285714,1223.80952380952,1023.80952380952,931.369047619048,1827.5,1513.67261904762
"2016-01-03",1361.03896103896,2381.81818181818,1871.42857142857,2363.63636363636,4428.57142857143,4076.03896103896,707.142857142857,1207.14285714286,1007.14285714286,899.860853432282,2076.2987012987,1802.90352504638,1500,4942.94990723562,4635.15769944341,721.428571428571,1157.14285714286,935.714285714286,1463.63636363636,2816.88311688312,2499.74025974026
"2016-01-10",1165.30612244898,2350,1757.65306122449,2534.18367346939,4554.59183673469,4101.58163265306,764.285714285714,1271.42857142857,1071.42857142857,1057.14285714286,2107.14285714286,1784.08163265306,1500,4724.48979591837,4408.16326530612,700,1085.71428571429,871.428571428571,1317.34693877551,2457.65306122449,2150.91836734694
"2016-01-17",1241.42857142857,2144.28571428571,1697.14285714286,3074.48979591837,4213.26530612245,3887.37755102041,717.857142857143,1217.85714285714,1007.85714285714,1048.57142857143,1864.28571428571,1662.14285714286,1500,3957.14285714286,3600,935.714285714286,1462.5,1272.14285714286,1044.38775510204,1728.0612244898,1528.67346938776
"2016-01-24",1178.02197802198,1972.52747252747,1589.56043956044,2043.40659340659,3265.93406593407,2950.81868131868,732.142857142857,1235.71428571429,992.857142857143,845.274725274725,2110.54945054945,1838.9010989011,1500,3741.75824175824,3441.75824175824,542.857142857143,1028.57142857143,800,700.549450549451,1423.07692307692,1215.82417582418
"2016-01-31",1131.86813186813,1951.64835164835,1550,1190.65934065934,2518.13186813187,2275.65934065934,721.428571428571,1160.71428571429,989.285714285714,1051.49136577708,2831.63265306122,2473.54788069074,1500,3706.43642072214,3405.41601255887,542.857142857143,1150,928.571428571429,775.274725274725,1289.01098901099,1124.17582417582
"2016-02-07",784.69387755102,1921.42857142857,1353.0612244898,1028.57142857143,1864.28571428571,1575.71428571429,664.285714285714,1092.85714285714,905,1989.79591836735,3522.44897959184,3157.14285714286,1500,3826.5306122449,3412.24489795918,532.142857142857,957.142857142857,792.857142857143,807.142857142857,1400,1217.14285714286
"2016-02-14",878.869047619048,1767.85714285714,1323.3630952381,800.892857142857,1592.85714285714,1362.91666666667,839.285714285714,1178.57142857143,923.809523809524,1741.07142857143,3062.5,2730.35714285714,1500,3601.19047619048,3301.19047619048,500,971.428571428571,785.714285714286,542.857142857143,944.642857142857,780.47619047619
"2016-02-21",771.428571428571,1800,1285.71428571429,700,1521.42857142857,1272.85714285714,950,1400,1058.57142857143,1465.30612244898,2627.55102040816,2318.36734693878,1380.61224489796,3137.75510204082,2784.69387755102,550,1214.28571428571,971.428571428571,385.714285714286,778.571428571429,627.357142857143
"2016-02-28",635.714285714286,1764.28571428571,1207.14285714286,1028.57142857143,1792.85714285714,1590.71428571429,966.071428571429,1330.35714285714,1116.07142857143,1483.67346938776,2844.38775510204,2545.40816326531,1276.5306122449,3051.02040816327,2717.34693877551,607.142857142857,1000,814.285714285714,464.285714285714,771.428571428571,660.214285714286
"2016-03-06",788.095238095238,1353.57142857143,1070.83333333333,1167.85714285714,2308.92857142857,2116.96428571429,928.571428571429,1471.42857142857,1150,1503.80952380952,2784.52380952381,2512.38095238095,1371.90476190476,3190.47619047619,2852.61904761905,528.571428571429,1000,785.714285714286,445.238095238095,846.428571428571,697.5
"2016-03-13",945.578231292517,1750.34013605442,1347.95918367347,1244.89795918367,2396.08843537415,2160.21258503401,960.714285714286,1442.85714285714,1196.42857142857,1092.60204081633,2503.57142857143,2228.18027210884,1481.97278911565,3285.71428571429,3022.78911564626,614.285714285714,1042.85714285714,842.857142857143,393.962585034014,716.24149659864,564.073129251701
"2016-03-20",1128.57142857143,2121.42857142857,1625,1564.28571428571,3371.42857142857,3044.28571428571,842.857142857143,1307.14285714286,1100,950,2092.85714285714,1866.42857142857,1161.22448979592,3826.5306122449,3432.65306122449,607.142857142857,1114.28571428571,914.285714285714,392.857142857143,728.571428571429,584.285714285714
"2016-03-27",903.869047619048,1820.83333333333,1362.35119047619,1530.95238095238,3246.72619047619,2917.64880952381,915.47619047619,1292.85714285714,1122.61904761905,999.404761904762,1972.02380952381,1714.6130952381,2260.41666666667,4188.9880952381,3877.08333333333,519.047619047619,1061.90476190476,861.904761904762,362.5,754.166666666667,639.166666666667
"2016-04-03",1130,1970,1550,1415.71428571429,2975.71428571429,2707.85714285714,1021.42857142857,1485.71428571429,1292.85714285714,1161.42857142857,2295,2047.5,2336.42857142857,3864.28571428571,3622.57142857143,539.285714285714,1128.57142857143,928.571428571429,337.857142857143,685,541.685714285714
"2016-04-10",1324.28571428571,1794.28571428571,1559.28571428571,1215,2637.14285714286,2338.92857142857,1028.57142857143,1642.85714285714,1314.28571428571,1138.57142857143,2138.57142857143,1924.85714285714,2148.57142857143,4031.42857142857,3678.14285714286,539.285714285714,1078.57142857143,878.571428571429,359.285714285714,744.285714285714,616.714285714286
"2016-04-17",1640,1742.14285714286,1691.07142857143,993.154761904762,2123.5119047619,1872.41071428571,1071.42857142857,1728.57142857143,1528.57142857143,1072.61904761905,1803.57142857143,1596.75595238095,2135.41666666667,3979.7619047619,3587.55952380952,519.047619047619,1038.09523809524,838.095238095238,488.095238095238,835.714285714286,708.214285714286
"2016-04-24",1406.63265306122,2068.87755102041,1737.75510204082,844.700854700855,2373.4126984127,2072.71550671551,1250,1850,1578.57142857143,971.428571428571,1677.04081632653,1465.66326530612,1630.10204081633,3462.75510204082,3126.37755102041,500,1078.57142857143,900,595.408163265306,1171.42857142857,982.959183673469
"2016-05-01",811.224489795918,1470.40816326531,1140.81632653061,1453.0612244898,2537.75510204082,2266.83673469388,1233.33333333333,1933.33333333333,1609.52380952381,1269.38775510204,1869.38775510204,1722.65306122449,2213.26530612245,3464.28571428571,3214.89795918367,580.952380952381,1485.71428571429,1214.28571428571,807.142857142857,1298.97959183673,1155.71428571429
"2016-05-08",627.551020408163,1543.87755102041,1085.71428571429,1541.58163265306,2552.55102040816,2333.52040816327,1371.42857142857,2000,1752.38095238095,1078.82653061224,1704.08163265306,1544.89795918367,2292.09183673469,3588.77551020408,3313.16326530612,697.619047619048,1985.71428571429,1645.2380952381,1052.29591836735,1860.20408163265,1628.82653061224
"2016-05-15",468.877551020408,1515.30612244898,992.091836734694,1327.55102040816,2404.08163265306,2179.28571428571,1292.85714285714,2042.85714285714,1775,883.673469387755,1633.67346938776,1423.4693877551,1669.38775510204,3642.85714285714,3305.20408163265,642.857142857143,1600,1371.42857142857,1033.67346938776,1969.38775510204,1723.52040816327
"2016-05-22",571.428571428571,1536.22448979592,1053.82653061224,1408.16326530612,2401.02040816327,2199.94897959184,1300,1928.57142857143,1678.57142857143,1095.91836734694,1660.20408163265,1494.84693877551,1750,3037.75510204082,2780.20408163265,714.285714285714,1300,1100,1508.16326530612,2964.28571428571,2650.05102040816
"2016-05-29",686.224489795918,1514.79591836735,1100.51020408163,1316.28571428571,2475,2205.57142857143,1321.42857142857,1800,1657.14285714286,1083.67346938776,1888.26530612245,1631.58163265306,1706.63265306122,3269.38775510204,2983.11224489796,664.285714285714,1542.85714285714,1300,1357.65306122449,3006.12244897959,2659.4387755102
"2016-06-05",728.571428571429,1300,1013.57142857143,1750,2857.14285714286,2573.57142857143,1350,1685.71428571429,1500,1385.71428571429,2328.57142857143,2050.71428571429,2178.57142857143,3642.85714285714,3374.28571428571,771.428571428571,1564.28571428571,1328.57142857143,1971.42857142857,4014.28571428571,3476.42857142857
"2016-06-12",664.285714285714,703.571428571429,687.857142857143,1978.57142857143,3142.85714285714,2852.14285714286,1400,1728.57142857143,1571.42857142857,1478.57142857143,2592.85714285714,2296.42857142857,2274.71428571429,4314.28571428571,3817.14285714286,857.142857142857,1928.57142857143,1628.57142857143,2371.42857142857,4642.85714285714,4109.28571428571
"2016-06-19",610.714285714286,750,704,2157.14285714286,3785.71428571429,3320,1457.14285714286,1778.57142857143,1610.71428571429,1578.57142857143,2657.14285714286,2396.42857142857,2857.14285714286,4835.71428571429,4429.64285714286,971.428571428571,2000,1735.71428571429,3285.71428571429,6335.71428571429,5391.42857142857
"2016-06-26",668.367346938776,823.979591836735,746.040816326531,2814.28571428571,3892.85714285714,3652.14285714286,1450,1800,1628.57142857143,1285.71428571429,2085.71428571429,1891.42857142857,2764.28571428571,4621.42857142857,4300,1000,2214.28571428571,1900,2214.28571428571,5050,4350.71428571429
"2016-07-03",617.857142857143,839.285714285714,763.571428571429,1607.14285714286,3178.57142857143,2756.42857142857,1564.28571428571,1892.85714285714,1707.14285714286,964.285714285714,1692.85714285714,1472.85714285714,2228.57142857143,4142.85714285714,3750.71428571429,1000,1985.71428571429,1714.28571428571,2657.14285714286,4571.42857142857,4120
"2016-07-10",793.197278911565,948.469387755102,884.659863945578,1475.51020408163,2081.12244897959,1881.37755102041,1628.57142857143,1971.42857142857,1771.42857142857,742.857142857143,1192.85714285714,1065.71428571429,2464.28571428571,4135.71428571429,3707.14285714286,957.142857142857,2107.14285714286,1835.71428571429,1800,4300,3673.57142857143
"2016-07-17",729.761904761905,965.47619047619,877.619047619048,2457.14285714286,3757.14285714286,3137.38095238095,1907.14285714286,2350,2150,985.714285714286,1423.80952380952,1233.33333333333,3238.09523809524,5461.90476190476,4573.80952380952,1435.71428571429,3000,2592.85714285714,2280.95238095238,4404.7619047619,3564.04761904762
"2016-07-24",590.47619047619,807.142857142857,738.571428571429,2476.19047619048,4245.2380952381,3595.71428571429,1407.14285714286,1800,1614.28571428571,776.190476190476,1157.14285714286,1001.90476190476,2523.80952380952,4559.52380952381,3784.04761904762,1042.85714285714,2471.42857142857,2221.42857142857,2140.47619047619,3485.71428571429,2929.04761904762
"2016-07-31",605.952380952381,738.095238095238,692.857142857143,2119.04761904762,3702.38095238095,3142.85714285714,1350,1785.71428571429,1650,630.952380952381,992.857142857143,847.142857142857,2060.95238095238,3557.14285714286,3038.33333333333,1028.57142857143,2500,2228.57142857143,1428.57142857143,2430.95238095238,1983.80952380952
"2016-08-07",567.857142857143,634.52380952381,610.238095238095,1845.2380952381,2940.47619047619,2466.90476190476,1264.28571428571,1764.28571428571,1592.85714285714,502.380952380952,847.619047619048,678.571428571429,1611.90476190476,2947.61904761905,2368.09523809524,1000,2307.14285714286,2014.28571428571,1140.47619047619,2066.66666666667,1676.47619047619
"2016-08-14",550,661.904761904762,625,2000,3221.42857142857,2706.66666666667,1314.28571428571,1785.71428571429,1635.71428571429,569.047619047619,809.52380952381,696.904761904762,1838.09523809524,3026.19047619048,2533.80952380952,1028.57142857143,2321.42857142857,2042.85714285714,961.904761904762,1533.33333333333,1270.47619047619
"2016-08-21",602.380952380952,678.571428571429,652.619047619048,1902.72108843537,3175.68027210884,2641.02040816327,1171.42857142857,1714.28571428571,1564.28571428571,780.952380952381,1033.33333333333,928.095238095238,1614.28571428571,2700,2275.2380952381,1000,2292.85714285714,2042.85714285714,771.428571428571,1271.42857142857,1037.38095238095
"2016-08-28",716.326530612245,835.034013605442,788.163265306122,1523.80952380952,2907.14285714286,2358.57142857143,1242.85714285714,1742.85714285714,1607.14285714286,659.52380952381,1107.14285714286,906.666666666667,1195.2380952381,2064.28571428571,1694.52380952381,1000,2714.28571428571,2407.14285714286,590.47619047619,973.809523809524,785.47619047619
"2016-09-04",661.428571428571,713.809523809524,694.738095238095,1119.04761904762,2116.66666666667,1645.71428571429,1142.85714285714,1635.71428571429,1492.85714285714,719.047619047619,1240.47619047619,992.857142857143,1066.66666666667,1878.57142857143,1482.38095238095,1057.14285714286,2428.57142857143,2164.28571428571,535.714285714286,835.714285714286,688.095238095238
"2016-09-11",550.714285714286,684.897959183673,617.80612244898,1261.90476190476,2247.61904761905,1732.38095238095,1000,1589.28571428571,1428.57142857143,859.52380952381,1490.47619047619,1226.42857142857,1352.38095238095,2107.14285714286,1747.14285714286,1160.71428571429,2375,2092.85714285714,576.190476190476,864.285714285714,733.333333333333
"2016-09-18",648.979591836735,661.224489795918,655.510204081633,1300,2185.71428571429,1721.42857142857,992.857142857143,1771.42857142857,1532.14285714286,769.047619047619,1283.33333333333,1084.28571428571,1254.7619047619,2054.7619047619,1742.38095238095,1346.42857142857,2382.14285714286,2185.71428571429,585.714285714286,904.761904761905,784.285714285714
"2016-09-25",617.857142857143,658.699633699634,638.305860805861,1552.38095238095,3121.42857142857,2264.28571428571,775,1792.85714285714,1567.85714285714,790.47619047619,1373.80952380952,1063.57142857143,1502.38095238095,2657.14285714286,2088.80952380952,1353.57142857143,1892.85714285714,1742.5,611.904761904762,873.809523809524,755.47619047619
"2016-10-02",583.333333333333,607.142857142857,595.238095238095,2147.61904761905,3642.85714285714,3037.61904761905,828.571428571429,1503.57142857143,1306.42857142857,928.571428571429,1497.61904761905,1198.33333333333,1892.85714285714,3404.7619047619,2805,1071.42857142857,1771.42857142857,1540,523.809523809524,850,718.333333333333
"2016-10-09",585.714285714286,600.510204081633,593.112244897959,2623.80952380952,4419.04761904762,3566.66666666667,903.571428571429,1442.85714285714,1278.92857142857,959.52380952381,1523.80952380952,1227.61904761905,2185.71428571429,3930.95238095238,3212.38095238095,1114.28571428571,1971.42857142857,1714.28571428571,590.47619047619,966.666666666667,795.952380952381
"2016-10-16",792.857142857143,928.571428571429,860.714285714286,2726.19047619048,4654.7619047619,3809.04761904762,757.142857142857,1400,1200,966.666666666667,1471.42857142857,1185.2380952381,1809.52380952381,3071.42857142857,2487.38095238095,971.428571428571,1757.14285714286,1535.71428571429,928.571428571429,1576.19047619048,1285
"2016-10-23",1419.04761904762,1802.38095238095,1608.33333333333,3428.57142857143,5500,4817.85714285714,807.142857142857,1464.28571428571,1278.57142857143,938.095238095238,1480.95238095238,1186.19047619048,2076.19047619048,3442.85714285714,2860.2380952381,714.285714285714,1614.28571428571,1378.57142857143,721.428571428571,1309.52380952381,1024.7619047619
"2016-10-30",1630.95238095238,1952.38095238095,1823.47619047619,2400,3833.33333333333,3247.61904761905,778.571428571429,1485.71428571429,1228.57142857143,928.571428571429,1442.85714285714,1182.85714285714,2095.2380952381,3276.19047619048,2766.19047619048,414.285714285714,1271.42857142857,1071.42857142857,614.285714285714,1042.85714285714,814.285714285714
"2016-11-06",2480.95238095238,3138.09523809524,2920,1333.33333333333,2538.09523809524,1978.57142857143,857.142857142857,1671.42857142857,1450,1023.80952380952,1490.47619047619,1262.38095238095,2247.61904761905,3285.71428571429,2816.66666666667,635.714285714286,1285.71428571429,1085.71428571429,688.095238095238,1076.19047619048,921.666666666667
"2016-11-13",3897.61904761905,5083.33333333333,4691.90476190476,954.761904761905,1702.38095238095,1333.57142857143,1035.71428571429,1607.14285714286,1442.85714285714,1116.66666666667,1914.28571428571,1522.38095238095,2452.38095238095,4045.2380952381,3413.09523809524,564.285714285714,1607.14285714286,1357.14285714286,602.380952380952,1080.95238095238,863.571428571429
"2016-11-20",2569.04761904762,3307.14285714286,3062.61904761905,966.666666666667,1578.57142857143,1275,600,1221.42857142857,1078.57142857143,1154.7619047619,2211.90476190476,1790.2380952381,2595.2380952381,4130.95238095238,3580.2380952381,746.428571428571,1914.28571428571,1682.14285714286,554.761904761905,1204.7619047619,751.428571428571
"2016-11-27",2519.04761904762,3135.71428571429,2929.28571428571,883.333333333333,1647.61904761905,1251.66666666667,514.285714285714,1200,978.571428571429,1519.04761904762,3035.71428571429,2396.66666666667,2528.57142857143,4273.80952380952,3557.85714285714,757.142857142857,1464.28571428571,1225.71428571429,492.857142857143,859.52380952381,680.714285714286
"2016-12-04",864.285714285714,1000,954.285714285714,804.761904761905,1604.7619047619,1228.33333333333,385.714285714286,971.428571428571,785.714285714286,1785.71428571429,3335.71428571429,2643.57142857143,2650,4345.2380952381,3693.33333333333,700,1185.71428571429,1028.57142857143,502.380952380952,885.714285714286,687.857142857143
"2016-12-11",619.047619047619,757.142857142857,707.571428571429,666.666666666667,1350,957.619047619048,414.285714285714,892.857142857143,728.571428571429,1290.47619047619,2250,1768.09523809524,2357.14285714286,3716.66666666667,3154.28571428571,1235.71428571429,1792.85714285714,1585.71428571429,450,783.333333333333,615.238095238095
"2016-12-18",777.142857142857,919.047619047619,856.428571428571,738.095238095238,1602.38095238095,1170.2380952381,464.285714285714,864.285714285714,714.285714285714,1473.80952380952,2621.42857142857,2104.7619047619,2342.85714285714,3657.14285714286,3015.47619047619,821.428571428571,1292.85714285714,1085.71428571429,435.714285714286,730.952380952381,605.952380952381
"2016-12-25",983.333333333333,1128.57142857143,1055.95238095238,761.904761904762,1452.38095238095,1110.85714285714,385.714285714286,985.714285714286,750,1542.85714285714,2416.66666666667,2019.04761904762,2202.38095238095,3621.42857142857,3015.47619047619,700,1221.42857142857,1000,383.333333333333,680.952380952381,547.619047619048
"2017-01-01",778.571428571429,1035.71428571429,907.142857142857,976.190476190476,1716.66666666667,1355.95238095238,371.428571428571,878.571428571429,664.285714285714,1688.09523809524,2978.57142857143,2421.42857142857,1959.52380952381,3497.61904761905,2795.2380952381,721.428571428571,1200,1000,454.761904761905,735.714285714286,604.761904761905
"2017-01-08",957.142857142857,1145.2380952381,1051.19047619048,1004.7619047619,2014.28571428571,1497.61904761905,928.571428571429,1267.85714285714,1114.28571428571,1261.90476190476,1930.95238095238,1567.85714285714,2269.04761904762,3530.95238095238,2930.95238095238,803.571428571429,1292.85714285714,1107.14285714286,419.047619047619,666.666666666667,538.095238095238
"2017-01-15",887.755102040816,1101.70068027211,1001.87074829932,1271.42857142857,2583.33333333333,1904.7619047619,442.857142857143,828.571428571429,700,1102.38095238095,1861.90476190476,1478.57142857143,2169.04761904762,3480.95238095238,2902.38095238095,921.428571428571,1464.28571428571,1289.28571428571,459.52380952381,676.190476190476,575
"2017-01-22",858.673469387755,984.69387755102,921.683673469388,1071.8537414966,2177.46598639456,1696.55612244898,421.428571428571,848.809523809524,677.380952380952,776.360544217687,1384.69387755102,1124.74489795918,2273.55442176871,3379.42176870748,2922.87414965986,785.714285714286,1301.19047619048,1101.19047619048,415.731292517007,637.244897959184,541.071428571429
"2017-01-29",819.047619047619,993.498168498169,906.272893772894,940.136054421769,2040.13605442177,1472.10884353741,584.52380952381,889.285714285714,800,877.533577533577,1584.98168498169,1216.66666666667,2215.14041514042,3636.99633699634,3013.91941391941,800,1354.7619047619,1154.7619047619,406.87074829932,653.061224489796,527.551020408163
"2017-02-05",1130.95238095238,1216.66666666667,1173.80952380952,1002.38095238095,1790.47619047619,1376.19047619048,435.714285714286,817.857142857143,646.428571428571,980.952380952381,1664.28571428571,1252.38095238095,2326.19047619048,3726.19047619048,3107.14285714286,807.142857142857,1285.71428571429,1085.71428571429,571.428571428571,869.047619047619,725
"2017-02-12",1919.04761904762,2176.19047619048,2047.61904761905,950,1680.95238095238,1273.33333333333,514.285714285714,800,671.428571428571,938.095238095238,1764.28571428571,1357.14285714286,2247.61904761905,3452.38095238095,2842.85714285714,728.571428571429,1285.71428571429,1085.71428571429,440.47619047619,726.190476190476,601.190476190476
"2017-02-19",1225,1508.03571428571,1363.54166666667,863.492063492063,1521.8253968254,1164.68253968254,561.904761904762,821.428571428571,721.428571428571,1022.61904761905,1954.7619047619,1486.11111111111,2492.06349206349,3534.92063492064,3033.73015873016,707.142857142857,1209.52380952381,1038.09523809524,511.111111111111,839.68253968254,695.039682539683
"2017-02-26",1780.55555555556,2236.08276643991,2007.92233560091,870.952380952381,1559.36507936508,1219.0873015873,540.178571428571,836.607142857143,747.619047619048,952.698412698413,1605.03968253968,1301.66666666667,2367.85714285714,3341.26984126984,2978.49206349206,710.714285714286,1178.57142857143,989.285714285714,633.809523809524,1287.85714285714,1001.37698412698
"2017-03-05",1642.85714285714,1861.90476190476,1752.38095238095,1247.61904761905,2092.85714285714,1700,471.428571428571,1207.14285714286,675,1014.28571428571,1652.38095238095,1369.04761904762,2497.61904761905,4342.85714285714,3528.57142857143,714.285714285714,1171.42857142857,985.714285714286,1052.38095238095,1571.42857142857,1336.19047619048
"2017-03-12",1514.28571428571,1623.80952380952,1569.04761904762,1400,2626.19047619048,2085.71428571429,485.714285714286,792.857142857143,682.142857142857,1119.04761904762,1847.61904761905,1516.66666666667,2478.57142857143,4630.95238095238,3502.38095238095,714.285714285714,1271.42857142857,1071.42857142857,1004.7619047619,1569.04761904762,1292.85714285714
"2017-03-19",1279.93197278912,1468.36734693878,1374.14965986395,1459.52380952381,2654.7619047619,2125,614.285714285714,960.714285714286,850,1180.95238095238,1742.85714285714,1445.2380952381,2547.61904761905,4095.2380952381,3390.47619047619,700,1200,985.714285714286,1071.42857142857,1580.95238095238,1332.14285714286
"2017-03-26",1754.7619047619,1964.28571428571,1859.52380952381,1288.09523809524,2354.7619047619,1890.47619047619,487.5,866.071428571429,762.5,1121.42857142857,1783.33333333333,1507.14285714286,2792.85714285714,4142.85714285714,3664.28571428571,942.857142857143,1328.57142857143,1196.42857142857,1038.09523809524,1652.38095238095,1344.04761904762
"2017-04-02",1764.28571428571,1900,1832.14285714286,1133.33333333333,2180.95238095238,1635.71428571429,564.285714285714,942.857142857143,828.571428571429,1178.57142857143,1814.28571428571,1522.61904761905,2740.47619047619,4154.7619047619,3630.95238095238,753.571428571429,1335.71428571429,1150,1000,1719.04761904762,1390.47619047619
"2017-04-09",1180.95238095238,1400,1290.47619047619,1111.90476190476,2066.66666666667,1565.47619047619,678.571428571429,1078.57142857143,978.571428571429,1288.09523809524,1990.47619047619,1605.95238095238,2719.04761904762,4095.2380952381,3421.42857142857,753.571428571429,3100,1121.42857142857,923.809523809524,1707.14285714286,1298.80952380952
"2017-04-10",866.666666666667,1133.33333333333,1000,833.333333333333,2333.33333333333,1600,500,1100,1000,1200,2166.66666666667,1633.33333333333,2566.66666666667,3833.33333333333,3166.66666666667,800,1400,1200,1000,1666.66666666667,1300
