2016-06-19 12.327146  10.114543  10.202264
2016-06-26 13.248332  12.043812  10.655518
2016-07-03 15.010410  13.973395  12.965510
2016-07-10 16.867972  17.833064  14.724269
2016-07-17 19.354396  19.763570  19.171951
2016-07-24 21.281688  22.659262  20.061109
2016-07-31 24.708508  31.344730  23.400095
2016-08-07 29.433513  35.207106  33.988283
2016-08-14 31.146900  35.210509  35.229041
2016-08-21 31.647957  42.932988  34.096111
2016-08-28 38.156429  51.621521  45.124685
2016-09-04 42.298820  53.557138  53.533441
2016-09-11 45.634488  66.106771  52.559799
2016-09-18 51.176981  78.866304  70.533259
2016-09-25 59.846469  62.419107  83.101143
2016-10-02 48.750951  50.809606  53.177669
2016-10-09 43.317925  46.942516  46.991720
2016-10-16 42.384172  45.978879  46.017621
2016-10-23 41.385935  40.175037  45.444552
2016-10-30 37.826492  37.274396  37.305975
2016-11-06 33.984801  30.501306  36.251802
2016-11-13 29.389462  22.759275  27.710373
2016-11-20 23.360109  16.952205  20.180888
2016-11-27 19.168291  13.080369  15.498956
2016-12-04 14.345561  11.144031  12.426195
2016-12-11 11.484468   9.207440  11.191790
2016-12-18 10.028862   7.270599   9.167085
2016-12-25  7.609528   7.269526   7.294943
2017-01-01  9.597709   7.268460   8.129269
2017-01-08  8.342292   7.267403   7.936939
2017-01-15  7.646973   6.298347   7.939271
2017-01-22  7.914639   6.297182   6.592363
2017-01-29  7.114067   6.296026   7.098597
2017-02-05  7.673335   6.294878   7.004004
2017-02-12  8.403727   6.293740   7.018225

----------------------------------------------------------------------------------------------------------------------------------------------------------------------        Week dengue dengue.symptoms dengue.mosqito treatment.for.dengue
1 2012-02-26      2               0              0                    0
2 2012-03-04      2               1              0                    6
3 2012-03-11      2               0              0                    6
4 2012-03-18      2               0              0                    6
5 2012-03-25      2               1              0                    6
6 2012-04-01      2               0              0                    6
  dengue.mosquito Dengue.fever Dengue.Fever.band dengue.ke.lakshan
1               0            2                 0                 0
2               1            3                58                 0
3               1            2                 0                 0
4               1            2                 0                 0
5               1            2                 0                 0
6               2            2                 0                 0
  how.to.cure.dengue.at.home dengue.fever.prevention
